5

	9.0013977460502193187458820174083987585748	-6 0 -6 3 5.8796422770123229 1.2027392072540106 0.0000000000000000 5.0013977460502197 -0.20059620497948621 -3.9963664852767948
6

	11.0570403997020210856032947529158702763930	-2.71865395240251484 -7.41047565693096022 -4.62475547242210183 7.200559945106344450 1.277912763609275082 -7.24478170874113214 1.368821854518365022 6.923015667584421884 6.005185490882001709 -0.79087649081427891 -4.99481450911799829 -0.79087649081427891
7

	13.4621106776083764324137348121758440974015	0.5 0.6 -0.78 -0.28 0.245101764875304720 -0.73748957187471395 0.106319139478797828 0.694782094284276728 -0.31646946471690517 -0.54311045516922825 -0.49223482722306746 0.254869634523091618 0.478925719421401550 -0.03242490704736720
8

	16.2217466765577238881710865538328876167532	5.153874275053974 -14.218061666795696 13.675590860073166 -3.902930962535531 -11.362557103827680 -6.760686447493357 0.854615943295755 12.191830191378752 7.945557541639620 -7.924374664623580 -2.892679099198036 -9.803902934483885 8.274455642699612 4.071117240217969 -7.433174248507393 3.513550768782847
9

	19.2331939080861235809934408528141919795424	-0.2 0.85 0.8 0.34 -0.02 -0.13 -0.42179239242933270 0.670370579627568192 0.739146976290126313 -0.03619750298545758 -0.31579151065498382 -0.61128867612689780 0.354946556436896204 -0.52779476537721673 -0.58020878901651564 0.066895579069299196 0.227098505913135850 0.481158027647708241
10

	22.0001930127373705522467954506509206729444	5.066990541184066 20.379737815481697 7.452209294998032 18.559964902183776 12.680409866839724 -14.149718729721370 11.333633573078760 13.984123087522550 -3.491640072655175 -1.253588467044370 -12.679902520775261 -9.758393746333818 -14.679116493107038 3.086961192041120 0.667074134551734 -13.984291776593921 -1.999565725221470 12.845495524850145 12.000193012737370 0.000000000000000
11

	24.9606342889111573953962957296693765001487	0.28 -0.86 0.82 -0.33 -0.55 -0.67 0.574167953481694909 0.612786502148083506 -0.65703787055488453 0.455847189712951801 0.067 -0.127 0.487529090781953730 -0.52922555603726204 -0.09604541356447776 -0.67267315553078119 0.632302562602203049 0.095221103527298070 -0.58267374155830908 -0.14048023062105980 -0.02434626859594395 0.558775930086355997
12

	28.3713894364084035775437090553543805456071	9782913364622791979 11062270802064534590 10493757874240043596 9608149126747067372 11657623486750424403 7174519108049136148 -9061360816168543727 -9528181717094082003 9170171511483693548 -8654780705913240925 -9999999999000000000 6758861859717301096 -4219172815934167823 10730699158388548151 -826071914978489063 1926053685358245337 4326962028125333788 9513540696344803486 -9707396421533186173 -2002532128212514971 9372238840939458141 -24771187439971522 0 -8832748148561435332
13

	31.5458670175731632400551978916441938212553	11489269193606225655 8619055934854680928 11847930771735806049 7254796151698770280 12462231067394951290 4985440187998126072 -8231663904910862145 -9999999999000000000 8450887279199324618 -9186046794094806526 548961183232643685 11999268366088608851 -5307705946027977568 10248760549117498850 -9921212824472835675 4913816653290916040 6567497530824378824 8321865434427125510 -9492748353684778553 -3539038604285709082 -1323308397829543186 2486709637406071181 9109288543131012498 -1219706749670465660 0 -8720377380738593278
14

	35.0956471435694689978568211078921727976606	-8396714492414713340 -7458307831079129764 -8730581301722481711 -6528242626529984766 10200800948367077904 2776957104834891157 -9999985782879701929 2216290051612907108 -6209823922738407112 -7727261352286440673 6587817440949220862 -6960672656924980222 -2333804536281706033 8955360270790739194 2589670280212180404 8541109129440098388 6961527689822818680 5042110974576710667 -6444129174353397639 5152551221237284502 7795259827227918417 -1492747256782579181 -7129467096154929651 -2203641005874748715 414752083216872608 1935166876649292122 -0 -6948725036592846850
15

	38.8379955082079014946654521987055435893517	12868544192094312098 1478545789691362834 12601469757716295986 486880550326220197 -5774483201662744396 10824619442877599554 11841218130798797237 -1421242156845189099 6944786556641512512 9271247687773482821 -5210522990670357418 3207544604731649188 -7526232615410067252 7883432305961065992 -9999955959692246484 3383553382307679242 2686183032461633576 -9855010296354911839 -3776630634368981070 -9121266741565356174 8130702127962654502 -4970930664909448234 -8569775227431842744 -3312073115995564405 8228668787647739388 3244484075884334154 195442070146634814 -1765201971129244266 -0 8160539303538151564
16

	42.4581164356691300321835262774059554821245	3803914050418990743 11880485637714319439 4503526760065752278 11310055620759461247 5709131076288607270 10410063473392268837 5823172166009532507 -9999991512242432815 -6321498807887581512 9331369658630119151 10064480780895279378 4364602326666648664 10657586348619348274 498174132320999606 7203892932663370416 7456951498780204535 -5611653805597820739 -8358378599537881317 5353261407520941949 2256178182538562678 -8978112947411114684 -2998628986013775322 658512960319700974 -9141052073574906197 -7841377862277976308 4132859470244230178 7128965269689463104 -4743619675213733259 -1348477351310935363 -1268650530452537167 0 7961154702098646632
17

	46.2913421171550719272032352420829965456471	12417374714084690385 1656997216689476917 12221273558154587563 850711429909535522 -4719355299302023726 11005014188321013681 11675681078050416519 -716623435055723323 -6340763612147598660 9499222721283474528 6338526310139915546 9166354186418067066 1591145283589344343 1557866418576833989 6827984578120608418 -8096513146702562164 2528339906590544611 -9999994008377488019 9301030018895210468 -3775409833033594540 -3064131531571308902 -646712843324497522 -9114581943675330460 -2624366915116197858 2900726818172230618 -3816826742346705754 -7751739069446411919 4436836780085019611 -3737174811095835481 -7806667526759773145 7726036133510805654 3241522016853619828 -0 8101893411661064566
18

	50.1197626234576999264058597659515498662340	13463154180172876185 -588554507047926884 13316335973957245089 230404302514095708 12599915420243712690 1417693570264689926 616098661483147723 12592978041126396902 -9913126385168759989 7437188718405673467 8848400588951505172 -8233676367570602474 3331771932211840136 -2235324730312514854 8312324279712707232 8207373552536785797 10638994439523427924 4106703571425140948 3847495670307191561 10440370130303163994 -9999168436874951758 -4210267162777607544 -5542738608011357248 -9002597874593115995 -9999967704907623606 2445853545040899322 4133449931881397787 3761630826135149575 9429826680908964392 -2438665543254870997 -3007727225723588766 -1528490083432710830 2498411364598028555 -8839070158493867374 -3575322050652881694 8159061982133770284
19

	54.2402935914121110966395454322809165585052	9332034506184716696 8128100390179812985 8765787569700449672 8559570924031975402 -2304390710588951007 11903940089805877269 7478188347685166142 9167269782108561608 -5820124038403845960 -9999995946702243157 11385418381724694892 -340724459704760783 5658506907260252108 -9677206567175827929 133885284364838525 10972013547290143649 -4274504234731167196 9847853677088809966 4187912843779194155 9626744995927094928 2087816281429282254 -644577778020053119 -9999696096390445046 -692263585056853038 -7628396991100689514 -6130236799633450270 -3835970277018972553 -966081960183064078 -7672069361559634678 5277087248224798982 -315784340874232954 5294588799536232881 7688845196521767045 -4356202811357774648 7639450891631107764 3949156902458201821 -367832531438812915 -8354434686418028364
20

	58.4005674790451137282253755874487902478428	-4036429167037510183 8905253743833931594 6381179620766142797 7159935493646503118 4316566009095797503 -8395059253116354345 9257996637313051971 474304957699192329 -8162113122525967062 4121847168157269707 -1889744788006675612 -8771344406470018655 -8214645364466255542 -3159709336970728960 1117607928672243352 8557470286974569901 -1915962734585677932 8226217536859985006 3930060424354921507 7296592214620441613 -2596035825244481485 554947293109978211 5411816049451351064 -5817106512707349469 7491776503253849245 -2075608414724985978 1279093403693241869 -7472694199893868585 -5018703184801964274 5480891614683674203 -7221264194507733411 651263068485373047 342191825256173439 4347509078940584115 6198079097033208080 3072491615078980308 2025612741500712055 -1695075878809238313 -3889871656527433523 -4793925700003868848
21

	62.5588770938770815390585930674964561289394	-20.354564782205088 -58.045448437722762 56.192316638210940 22.388415551072168 -0.276172418250374 -59.515633439862398 -50.110432446676661 -30.219690935413333 -44.965939112479830 35.854949517358229 35.160668443956517 -44.301624944175707 -9.099374101628975 -54.808669158182539 -16.616234074205810 -3.206155074917951 -50.710865137249691 -17.232570109786423 44.547259166209557 27.892243763236216 50.951212968727184 7.892509372619399 -4.457145364401929 50.298187722509091 -27.681693194371466 41.045056628184945 26.125538974233905 10.839696288839741 5.904875841242312 -11.411698339925771 22.085693627287604 40.987207434079949 12.168847614018777 -43.688293937262507 -4.570469824127656 19.881545870143199 38.908089536565932 -19.584083902343369 -41.317509519021982 10.203990721147070 -24.164281616697796 -31.206792928475224
22

	66.7602862414238841135760530800387052617088	-3711563200199775643 11021126142729311816 -4173433557938482239 10744546480904944391 5387727754009282656 -9999987807766300652 -4961452404919096530 10010851419197703360 2296874221414779834 10767520100796203604 3772731859559712918 -9986831397005971352 10046880312669153378 -3750192193389995014 8406987227287930778 6364721390917544174 -8887507572949110042 5159214685224001242 -9999902804923263147 1936234605012770788 -6369721846831697009 7716883111594211380 -3797031338323110424 -3562968548144875145 -6410725821406689898 -7209203223574334188 1887382958696017420 3629837458271667788 4638226847174187142 8047413370584834743 -8742706112015539524 -2556893371034515273 1127711224936371535 -1880996572918286025 -1251849622641328958 8660017744977983104 6017663206160272932 -6102670045020718342 -603639548513564498 -8369390259778524204 -4259659342779991076 2340781130601021482 7927276959374773286 1002638611985936494
23

	71.1994616078920574184509880351245698448547	4.761549607437446695 69.86871977583149881 0.568417303565573077 -18.1715991962900278 -49.6525091755696137 46.58028866418256439 -63.3898889415993273 20.14523279868509805 59.97178278030461718 -27.7743906583254386 47.92936679273037282 44.20119447262602365 -57.0366904283840111 -29.3257687902968546 3.165737102581187729 -63.1201240186104432 -13.6584168912442069 -60.6813041416927107 20.33708986727166216 -57.7215460363491144 -35.5957735289926713 48.54808013457107228 -50.4441926794493131 30.98321609489366693 -13.0305872250882905 56.72196336533025346 -16.5627704999523155 -11.8285304093961259 55.59432205076006687 -8.22501311447624939 50.46729427058746565 22.34807286226706021 2.833808624079337331 -37.0418245671616096 38.65820592162492433 -36.547583097803124 -33.0054104589735614 -40.4404089072857359 -17.7638073809215355 23.11515983941543304 -50.1589822299896274 -2.01555138208218154 19.9401312999395364 44.97752979263774676 18.49530397912261221 0.000730506638959845
24

	75.7527041223236603401854154590178383327425	54.3524551087299983 34.8178858675499967 -66.1862382919100014 -29.8211381843100014 -52.5821859117800017 -50.2799133038800008 -71.6848267900700051 -3.12028154834 -23.2105399637999987 -66.4388013080800022 -20.0176684249799983 66.81865520348000587 -57.3203379272800007 37.96463069794000234 34.76658548190000175 -58.1525016642800026 -29.6007085976900015 17.17628802372999886 -54.1334245279699999 -37.3227872521599977 59.32154355189999961 23.89505839275999932 -61.5506853177899984 -16.6108524710800012 62.75254443229999879 0.141569534101399996 -34.5424996384899998 -51.1880082161999965 11.5619300885699996 -13.3985405928900008 34.64760616673000015 7.29086635884099987 1.51428903963400008 58.73318627817999982 -56.2736556640999979 12.98655118329000047 -32.3031378629399981 45.04556996758999787 35.13619174949000268 43.28755070793000215 0.184899697172100003 20.7564470293200003 44.70500635295999814 -29.8465342618099996 -26.4001813354299983 -15.0950358718299995 3.45580635618799992 -51.5468139225599984
25

	80.2858644399731501619456683186555278632705	43.889689937850569 -47.34008801534948 24.814162318284968 73.43190670063882 -0.57877892449569979 -38.501640871508151 -55.698482420953091 -50.638962416889903 -16.567324883715536 73.227135297958483 -57.520241500292855 46.878003146487565 49.045018278112416 -53.903495191276654 -5.0485051712727778 -72.109353022820784 66.582966197204229 25.463367439052075 56.621488820566583 41.642643333687687 69.057797872348146 5.6170779072603931 -59.677439901878195 -33.185794238876248 -66.657041496312615 -9.1774927073404911 -24.511266471377688 16.41550558973011 2.6773178689297157 65.230944073370935 -37.688850502611082 -10.535399387650216 32.707959445864546 54.178316943241484 3.9431242489471972 32.255229764074997 -57.407121190303407 21.456458626636675 38.804922124153684 17.133885613892538 -30.35758591518973 50.923773424567976 19.534929124478975 -54.914738801313625 52.087368328216193 -23.844838545809239 -27.371992495874352 -49.182034957500711 3.4790081108726798 -10.742265467744941
26

	85.0764012213667783640407218744840419397082	9.8014612965405021 44.069579380548532 81.101665066793316 10.769013005761067 -42.821967244755406 -3.1438134045584505 76.993875378447314 -22.200402107243388 54.835236814564269 -58.355177415878067 56.25380380082823 55.427011476734094 9.6603743638358264 77.35329088469453 -77.037910401044968 -2.4237022568278697 -51.383473555924198 56.101312683980183 -19.901737808541988 20.722485294404887 -24.178262068352762 -70.019459917328305 -43.996679917948427 -58.34768567607339 43.948633040513933 -4.933636632743827 70.942541200381726 -4.3601191904451451 34.922097436507485 -60.754827946205168 -19.827119040321971 -43.215134856559224 3.7468674885683702 -67.973209876603946 -18.98413830658501 -9.1763394689304132 56.411432155077897 -34.406991348995888 29.592890361946907 57.958595724170372 57.600240804075831 27.996998216108189 15.666044025215221 -29.160454803965795 -56.522137174350469 -25.665688789132076 14.011639078618851 16.809785189164845 -55.198867814860208 22.316067852597712 -16.387011269852188 56.598934709156232
27

	89.7921815653088726146148119415057977102179	-0.08881957794357667 5.378383013876335994 78.93631088839796916 36.13379169140595337 -29.3852446658329959 80.60276570229152071 -85.3040277232304902 9.138997315310195546 -26.2657245161659922 -80.6214969486748032 46.62194803712624491 -69.6241598852747216 69.48679049670572283 45.01256795208021799 -70.9299554595524739 -40.7296253815125268 79.42540323362393905 -14.7980378178349631 31.41224630981636423 23.53599596430492013 -64.6861999526024504 44.98781403349726559 -74.0096770703530211 23.96228729967244674 -12.7227711756563710 75.73090678957470345 14.24640932940224047 74.44121578566448249 -7.15028349904392168 -74.4496062392637725 23.54236431239441884 -69.9359931848401288 -45.0211545210515708 24.77810615741139699 -39.7460232852539832 59.78604324517822732 19.68015763383999683 -2.98490325308640080 3.996064299813828046 -39.7045169420531607 42.64310752682396810 53.98082645690175951 -21.2011468364823620 -6.10242547510854471 -66.0219777189615086 -10.1140484639007990 64.18123963810482734 14.46995624176964945 -39.5709879390093561 -51.0065488533265920 -1.66605946176829000 37.74253274430693494 50.90402804586423002 -36.7646296654349598
28

	94.5499864717187385068760950942892397717534	-8033311208857555366 5718258637513571717 5448499676585333945 8074512834202410103 -9439365127701164152 -2039754263107723145 495206362804136807 -9523017767846519825 -6379230872251108510 -6960875194895092129 8574220665315873894 3738940960407124976 9173599896376539564 -1259375931779620854 5943552778043892652 -6960356011380562025 -9018208876738270622 -735028300304649608 -4425859867109990223 7746657591483264052 1136613280336210808 8763181592964081780 -6259768264030000787 6086258496311581501 3514983110330053910 7876325718960223895 -1268941104637531075 -8405204279529897720 -4173011784339376059 -7303036218932299710 -1650663865991882637 8142129328663517989 1910283086900898586 -2722478215381898624 -3298785704910979187 4946076869045289997 7844590721483318460 1148007407526776694 -1502555930325063808 -4731705401520801295 3553687027354358921 993632949748404781 5830542829029973347 4988233519570124510 1043536203606232564 4972926925976521105 2554865783827478172 -7010629174890925261 -7005055567293796436 2244614408683552300 6408929810577928598 -3389679165019220936 -6288934415483877089 -3389865920852230239 -1733150135187775075 339729491150511421
29

	99.5123179038320395660638059282308606055904	-4441407743913951674 8810912037476779902 2156028226066065742 9529929966007494915 -5792476169993079384 -7731244523861086925 295368448572265930 -9554284443191141859 -7001573576140249959 -2465208820848294640 6531975955713442996 6748057034220375381 9271246348525633210 -685581997189677515 1081138304867426856 9132296950348903993 6062231970278801938 -6771278732880711181 -8468481829743757532 -3032567347417419820 -6824708736325762690 5700974736117487425 -5055981624787157873 7195375354767349859 -3981772104974696488 -7728164466924125855 -1375464116843750643 -8482333906033611587 -8476685471671088453 -520331451774508869 7035439614497099332 4575016795605007169 8162762744664134745 1456344030910308641 -4205214532118290467 4303212443212690846 -7597597499090972645 2781298947558148497 -1958620035829111390 -5097856102178681358 -6078154167238761770 -5030250234345545227 4254411659442677874 1746527257713316804 -1549027568710906855 7462976511270173037 -213331632836009401 2932753984819592864 1137814467424750169 -1802250238126477878 3294817679770439047 6529763073055171203 2417727256374025736 -6873971005640522481 -4155679440436245398 -497044779000222990 6443296123208215521 -2941686891772722457
30

	104.5785550850678042692134294442607476775850	64.26226028459882 81.23348433142898 60.26571664915230 81.06723476514354 64.65754659756308 -78.34286515793087 -36.70055587634308 90.80978696853128 12.11667583764220 -97.83106717165741 56.07742496498707 -81.05976530805552 -91.75739521888447 33.19871737183065 -43.55119970025094 -86.20156789170360 -88.31891866632310 -36.53804589411421 -19.95342114728892 -45.82101817785439 46.26837280797933 81.33992653986458 64.23865092088847 66.54661105598052 23.37543482685842 88.54502130624714 90.39524169249592 5.75976741314954 86.57868990734957 -22.98799654287436 -48.32062928316554 74.23797684902890 6.94101213578698 4.64802955728710 -71.84433751892931 48.31394588608931 30.74390303038647 -79.86552145266357 76.21895441537497 36.66337365961474 -25.82824614783398 -14.59197936834282 -10.97742117563741 81.84567175037384 62.52165142785277 -52.40327997846337 -12.25477392104884 -79.52820790989031 52.15924583188306 -2.60904000480245 15.11818124519366 -37.66555914582485 -56.13857687846949 -53.54336929206815 -27.87773901883810 34.78848041048569 28.06369188072496 45.72266117127082 -74.57752578284590 0.39182481439485
31

	109.7719469858711217914456591063699123804157	-75.8173218968399993 -77.8393133935799995 -58.5372371760700005 -90.4390847593199965 -77.5027916021399932 -71.4759382441999946 -52.5785548757299992 -89.7361585585800015 67.33862321943999518 -79.7146143005400063 -53.171526814149999 88.98591015700999662 -91.1124921803399985 42.48690582057000142 -99.3506794947199978 -16.4442560015300003 11.77022630645000056 -99.9458190711499981 -61.2585361476999992 -78.751718421809997 88.44059691840000426 -43.9790669306599966 -26.7375209275199985 -33.5773474639300034 73.59557588306999776 -62.8370983883799994 -2.083204609037 95.74928766323000673 64.02911147947999382 69.87127320033999922 -31.1783779442599993 88.43690852964999749 12.85181933776000029 18.39415672172000171 57.76516468261999648 -36.1838043851100011 38.32412514434999906 44.06444676907999991 47.69125295442999857 5.93567104850899963 30.63489346165999905 83.31843658069000469 87.28889354349999508 -9.19585458988 79.35616620227999363 35.09942548520000116 -84.9122807987200048 12.11327615891999976 -6.23216694399 55.80807749459000178 36.65038190250999861 -75.3292015635300061 -60.2507890865200011 56.75418594500000324 12.70595522035999991 -26.9281227443300004 -32.0441657102999997 8.37664572526399986 -69.1773534441000066 -39.5433987354699994 -20.3444137886400007 -76.0994379712300031
32

	114.8654383301254178865381850744289987781550	18.943302636369932 34.279489619946901 -8.4287880279772605 -80.91724327731032 60.731681700589562 -91.800855010881804 64.799176098692428 89.074695469056905 -55.074236573729088 94.317858296111112 94.644198050357446 53.177713747023162 -67.517696473763024 -84.104088297011415 -99.402963474975408 -39.151963722080112 49.73407049352214 11.123034809058296 -98.29323512318102 36.532626916878087 23.893470233210039 -101.0798266704267 45.254955347499404 -92.191332014752874 89.756182033277156 -47.245890731928725 -1.1055578069759906 -100.85937929346721 97.915866379321898 -19.636417291720587 -0.07080070949429437 98.86519617200679 -32.716740025479588 91.940428351297541 72.985506915166312 63.686960386120411 66.130319029104911 -68.898426354736586 -34.173296476447334 15.829324322401741 41.434503419587969 40.762428146137758 -74.208416173575529 -55.831000396334296 36.167884254797499 84.446094688371417 59.210123616726833 -24.418203275620264 -35.535712227948707 -82.540960514872481 -32.6523299287675 -31.618867127195312 84.843811396889762 20.277507327843729 -5.4577810566391678 54.979096412668746 12.254010117602366 0.16071869132817351 -63.441146320983755 56.368107795486736 16.978498929377153 -59.652985469736926 -82.827013984980795 -2.5232169893573868
33

	120.2169571480738601158337487456389470286974	28.949801780535399 -83.184211944946711 -97.163587964934564 -58.15626586972725 11.889131212420914 31.151012074898439 -116.16985773326805 3.1507437111063417 112.59980217085449 -11.114193726639257 -7.0610631702624822 113.91057770972857 -84.356840232550212 75.508072676294958 -110.98387768896943 14.066373873146976 -100.51534996361195 -47.500930559934929 -43.213770796832577 -101.39204927655402 100.42957679706025 42.517191769077378 78.16440754714354 34.988591772891134 63.060971332104835 -86.710955448220915 81.966839615222938 -67.242456195202891 37.564141299666787 -98.282975941504091 57.355794331576561 86.770654088775757 81.106917736468205 63.838923379056808 -26.160491363582661 98.812625813845642 -59.178288498572229 82.114569868536464 99.587179002410011 11.217498756889118 -11.483135852799339 -40.879928124075704 59.107690340138426 0.018793579904358305 91.77535978978824 -31.474215562730652 -94.421424618084046 -14.563899271048147 16.542681103372196 93.768910788439115 11.108726883480919 0.33424101840577497 -44.361711100840083 -4.644410947824591 39.74355367381451 46.116843551328635 -5.7510442580911025 -90.550272656300109 -81.574293602120775 38.532245981416452 39.822713274263066 -49.348094711425695 -20.178625789885004 49.171742620068656 -61.064946058242057 -62.272545933765485
34

	125.4335017573142815929198271269583738753119	7158084568359225174 -6828301504677473675 -9787586896259102045 440307377468463337 -8987488343763675150 -3711735645196575413 9558093484132624973 -1272149551964910307 1389528526127347798 -2765857815882646308 8899459247339918359 3345234453106060160 3880293811175634886 8598499678021378094 -6268737948115853354 6953686800145999190 -1693762722313301234 9126641512809589622 -4137539076686640293 4180790500187050551 554290841680855169 -9106178004925660219 -1316533075772373432 -8923872196892640047 2408464641070355321 -8633953880553809088 -6168198087723256209 -6391479717919255715 -7547778554791974992 -4532537080203470656 7147408453297424200 -5002996037917442426 8241188360573528781 -2610269424877947613 -8357439925966747841 1874000190265227327 7196960213993862604 4491445646578614148 5025595635554097927 6737668426485254654 -3604763335055185540 -7502599308657902516 -6706665195100216295 4602418283856460422 4582050856101165004 -6759740926995472244 -7955534704228106715 -1450176437872454789 -1319969412907658601 3658962464059482479 -3559931880967062594 7052201777708658616 7799127333859973147 869595842674831948 -4722723889990649473 1145028616386311143 -4197876178866967530 -3491847739703044949 -457251848104272833 -640118108033491067 1024122285359085235 7458581684574055322 4341440823187238063 -2381558407498518721 268113051966449234 -5610039777633524352 3327630500124105909 2781596553383817113
35

	131.1563546319311626469835470583925654572701	120.2855711228565 46.662143778816898 -33.126843465426468 -105.49262626289487 -89.106801724567617 90.632099825656397 -46.657521155604726 116.27885979431672 -121.14642646769954 -34.114237144690762 68.266891142934384 -104.77526249294174 50.774178660631492 112.04384360934647 79.079872590338596 -50.166398183276435 105.10188173586579 62.140821588789628 116.29390670374846 -33.979251482016394 -25.982844305259402 -116.99444487758622 118.83055238768392 -8.3342519671224586 -49.108144803852099 -107.19207696000527 2.5604183334738302 -117.1283726882621 102.42721789793855 -54.78105288388609 -110.60376963921442 31.775767976937193 -95.925704625418831 61.7646231600812 -101.38027255548411 -50.263315948742587 -17.681814231869424 110.39201245769988 77.668308567586493 -79.519614054079824 22.277384109320565 107.85339011633214 87.164509389634105 -20.732432538720246 -72.97034188226084 -79.831862391240904 -106.80942899909031 -8.6156958449377097 37.293042996197435 -99.390143237768271 -61.232729370552306 -32.258461708454057 100.77061605818203 26.340636846269916 -57.676618351423741 85.525675656453913 46.088462237265531 14.263300488213675 40.919113994621512 -44.509804234493259 -9.47045794020908 -8.3907585015789898 -62.575411780602572 25.725994863507907 64.409778184769053 74.067877172349696 -16.378519677021881 -73.022628991611882 -1.4442175865423925 57.119389306109362
36

	136.5349008312805261008278029406681007256304	-134.876366933639673 -13.3444739277900002 -133.389433724112479 -10.7388972871200004 -131.315257549077103 -15.2883800263899996 -128.418017136009297 32.22630809788999784 -113.455647865999993 -66.4648190397799965 -126.117877113037736 -23.7872552177699994 -80.1743542934799933 -101.696846285600003 -18.2282807083277909 -127.235806729573866 -120.120204857481269 42.8519231195200021 122.9581209130067805 29.87275732041411658 35.66599332292999947 -20.8543852966900047 39.38485411769831757 118.1430268411320696 41.25786027216175711 35.25773579582550354 13.63955768968894411 121.773414125421283 93.15073780570999418 -78.0143494721800153 109.0339055639999941 -51.3835553058200034 63.13487918297310131 101.5016233727097443 -63.3478008174326064 100.1877180430632848 -109.571174516099305 -42.5277630328872576 -88.7604834354631009 -75.5113216151010249 -57.6927657891656409 22.70264962214000093 57.37803042305542078 4.19103152410983792 9.19839412563839964 -112.786671546045184 -22.5705297358102328 110.2482430361182821 -35.1402467826267042 62.82657108508042398 55.15619312478742131 -95.7901804036412301 66.33712330198346763 -43.982972407333726 -88.1218136926197673 61.42887020079558624 107.3741141145880533 -5.878308847000227 -106.344537255448813 6.36588493889105678 -42.3041409605843342 -96.5543309972396457 21.48887875105801015 75.68281921711549387 7.67367450792953143 -56.5766126907232305 -55.724613673206143 -32.7956183076381222 85.25738841064958251 54.44214414193873353 -1.749691216944985 11.77688157559251003
37

	142.1749805398916838762061978287072427488419	9550339654107916555 -2645951331128448722 9792248830554285187 -873718754435432670 6501101205344887751 7269633197243250731 -8025844060036892224 -5417430563521565017 3769263358857459390 8852842537314361157 -182967474178605995 9571407736023154700 6502024179172533687 -6915709597999834943 8430324505311755351 4234939500962882188 -9335611356733935028 -765798631312449495 -2804836905266608802 2847323298424373741 9055734125120753358 -1687325749147545521 -5242431526805613333 -7492396055683473199 -6507872789623224545 6335665535075290239 -7888172971682028833 4364058117065734943 -3470179182262882242 -8244394610618047692 -6544203680230983761 -5978658846269089523 2283161687514641400 -8503090366243501622 -1579943696897872051 8589853657072277338 4686490025036371630 7286628047769340210 4576610504753286803 -7273169648461997945 6676402526775506558 5297747386373683854 -518750785627434154 -1710121491689456661 -4150402044130967183 7282620333879835745 -230997012219655653 1512503474968902344 -656897136120734454 -8215374439679135405 -5101335646392667202 3969952304924004199 1521214923245714982 7956812687187856735 -7906046579482041385 1408817885885699726 -1208215466859249087 5109935166948951001 2979735570576136966 -643530705334720797 -7325830898326075629 -2734600437099148783 -3897050326560164068 72283610611922529 1700567482096758750 -4886037425191540621 3060775324015301127 3922142300308246961 -3140655599403210956 -4743077194539975572 6430141162324794013 -3797741003974095442 7288694053694883913 1264482769683221862
38

	147.8576913550703064306296193999392360708510	-9142224311256234702 -3828614596633415027 2170654486137425089 438590726051242362 -9680539807556738144 -1223117798937111706 9048453846689002098 3505053469512001699 6927158365221091987 -6720162588369209862 7480692811358634263 5989272599537424049 4448711511017340447 8424034349891355656 2683904451364871010 -9068523924686547788 9390781350142452766 -98432748483828509 -8607303615622082934 3583998826251223067 7293450340383759468 -5665929898908238279 -1016270013756790907 3526394376234594006 -6948806974021383121 -5907831573916069899 -7929861067969343814 -4367670858862422048 -2976021129175824636 8478357439193491169 -4828942989482688737 7497313244784680472 -8530102966824349519 -2358821239143409966 7641736871924573549 4328740941495859441 -1916761291129069831 -8501574049862192102 2632239153427342107 8236977306297560083 788216265274720100 -8543423463459429267 8337624953044933852 1714473408778277379 -1177135887774114613 -1307175878949523627 -341314210407588681 8353394172973380034 455540184617932230 1498752127342593892 -4505076694927777782 -6900544366596158219 -2554234734640905127 5669280486839975421 5123051854524216505 6154979414389284521 -6277522158670659760 4820693909347664504 1340787739477843834 5111669063717800701 2407002671899000097 -2014444615386874010 -7775191178909316174 868044853974368622 -3461237133644400838 1713990321143927681 -694445239988632713 -5131892006277410085 4489263130786593568 1941530672670142449 -4906469826959355656 -2726583168800590581 4024133697347002646 -6326148015136452251 7068128158762740847 -2268594067034113049
39

	153.5553011977566676255774905786561718999055	115.82777538127243 94.201699539127318 132.0964616220682 56.143067616250349 -119.48792786079328 -88.947355136329392 -105.66033693140875 9.8878739457345528 75.46187235361684 25.445964040615031 -27.056605337070362 -144.9959579030421 -133.38248110396856 60.372272756109048 -145.5051519518596 3.4448078725357267 109.7471643291598 -93.565823416721557 -99.48974401896416 -63.592133078497461 141.1723871949302 -19.808356652346884 103.08358035387961 97.013807051427506 -121.20650896117765 -71.167231787071955 61.285308046150995 -60.673827691921709 80.93685326344891 112.45798003614847 6.0636719792935416 137.42158771361829 116.47023887396904 71.288384340293632 37.329377739339776 -130.31407153645006 -71.46897843931967 114.00576389489216 -0.53222951354686709 -133.55424070304636 -93.460555214432986 -94.000172843653587 45.592511132474527 123.40226984081981 -31.436708821376762 126.71077822927178 -126.20898069701126 29.255243288370583 -13.020900453024563 -15.747062956503715 6.5891093145856532 95.424874561196177 -43.329488485360308 77.616629457109497 73.449341590412672 -101.82989678278757 -99.44339633158198 75.000226549675702 -46.711671636985763 -114.38501731846574 -0.20529674791099589 38.831270273627538 -118.68983275848349 -26.237660891159777 -57.971979571635067 -52.399491062597946 108.33182868651198 -50.573559672238716 116.93852746655095 19.290492981181242 62.127371187491185 64.473785655433161 -65.339821598818915 17.520496168566012 49.607524091413929 -8.9147544826735157 10.31741111737554 -75.343577527955489
40

	159.4890248724767205549588354451465275736988	-118.50356028763855 -54.12772649244403 2.74777837999549 154.52635465388275 -31.83872797170206 -95.94825181132890 36.83150411739827 -86.28060164354936 -105.15241011955412 113.18051710474271 -153.32283474358763 -7.14066540971033 -93.92446531111621 117.41528455746922 151.36737898275143 -6.06969823839083 -136.50498069468341 63.35090253983901 138.38508182681304 56.53793138335876 21.86047492884333 -20.80312513878407 -13.93823880719373 146.82894114167979 80.69462145810068 122.25961097526084 -143.39778747228888 -24.57907456344930 -134.71175237334634 -52.24769929002236 -112.39983698077374 -30.72611869019930 -7.65633360135544 -142.28317808122381 27.63281205774629 -138.76444738168638 83.64687722192799 -55.86600998518818 113.64430006218841 -80.88362704063739 -41.01576655719231 -73.37686772144936 -10.44097560455898 67.54385667530643 35.06935465096083 53.48546610078974 40.56412533440963 -56.73824400349102 -6.55653428799119 -42.90456371572600 131.15650515379804 21.27112433647210 -104.74186910111008 81.13250007774278 -48.02733963140621 -122.40399620365137 126.11624418052266 -33.49744118537863 4.28501626678632 -96.82543890862441 -58.91184217049322 45.07095638132968 -3.38337840767238 14.00704390309900 67.50760332001111 -106.96820512272149 -95.41072341169102 -81.51250960130091 -62.36749443401158 -20.83851537678441 -121.65151440630216 20.44424836744417 -48.85695114838521 112.32345943165137 93.23271188693249 72.82484296327959 67.15347598454512 0.37573355020536 28.04788359946503 116.15051997544199
41

	165.2919096854917492684886682301075507914692	-162.851333097532262 -21.7088667705683953 -162.690341948336169 -14.0035854504534765 -160.479246463116425 -18.488120739141511 -156.402169093379968 39.4137239153892196 -141.804525738836816 -74.732675521523916 -155.799407661416922 -26.1757152127372521 52.75266876734247035 149.2430387314693121 -154.867095968112608 27.51231431399821403 -22.1757204693101926 -152.747239761290245 64.39418596472451384 -141.311591979240404 -118.641601818194715 98.04806554657045581 -57.1146944693091001 -34.3269824735552049 -33.1708276092674481 148.6355339458574463 140.7496342567917225 -54.3818512484695944 -123.660476002837044 -85.4109299999011 124.2553384589547107 -82.7567831781272076 -100.637310794650702 -108.915665329606497 145.2861348749688943 24.22489776843928055 103.8857999819632454 103.0003077739844741 72.37626529759400285 125.9818052007086919 -63.7117053468865606 40.54162363129831448 -143.130334680504546 -0.09653271875026245 141.3222922211530488 -16.5830420400807164 43.2988640445227233 -68.8922500596624303 -132.222859481270604 -46.3039634203994908 124.2862125960512714 62.89016983885692724 -33.0762181507251469 -0.2547514560505555 100.3265928442391015 14.49661012944338268 -82.1553015859972646 -66.7918557249274727 83.71052109569004074 -106.284756593950064 -90.6351407882661704 -7.39410890651976 94.35693565002800653 -45.2056778751515935 -52.2557032697619661 -121.533908206791509 -8.78542592057577 55.70020733074254338 -119.478611861247288 51.9696357231959567 -17.3902097106225959 -61.2707259153430286 61.38245990783589434 66.53846357291475044 18.60841664754001457 -125.92441026763187 13.37858180380433026 125.4589836569506787 34.27380706435855728 -5.531786468359762 -65.1791860862781647 105.1445580128299753
42

	170.9257616177517004510664971751253519944300	-167.554823776025728 -26.1691166870313445 -168.542331266264227 -11.3752146999635819 -165.296638202974862 -29.4707220416527775 -160.434471903015492 46.0976150887108318 -149.710302063441731 -71.5414832422695923 -99.7145598486513336 -131.367855274359783 -162.81401640193414 -18.9861523668862588 -159.306401972770232 34.15075532421721505 61.99901328573107406 149.5863450555719396 60.30222390624157214 -149.200022011291708 -27.7974128055817502 -157.49143808580186 -119.755761081769421 104.4794496229213081 -59.4869884138232337 -32.5755932605695335 -31.2003809891225359 153.7928180554767721 142.3049781665507965 -63.7348909553737073 -130.710254959343899 -83.1674266843917707 124.5932197147070184 -90.3862251160407908 -107.644099802665309 -108.623369235368472 112.5630268475697591 102.0343179035717895 149.9769688179176796 16.89657788097075652 80.5367156791329819 125.9991962246161421 -148.426455802137355 6.19316652753928754 145.486491395511365 -25.8683097316356836 -65.2793400441624101 43.94864854664317733 41.76554698495346685 -73.1236592114896951 -138.806564459899619 -41.667901834926532 130.6692265038658149 59.74761155268247137 -34.6333726181412445 0.032653884602593545 101.2647184071205402 11.59406339105246353 -87.8504649017623933 -64.8945227217711249 82.32983368239413835 -113.14158055346914 -95.2747247322648718 -3.340640911042142 94.99489042470185041 -50.0880998092672769 -57.9828780028844193 -124.042936328933905 -123.118102831217243 57.59987349471895612 -6.876493360867697 57.70028478701732411 -20.303635151014344 -63.6346471270659038 66.29480125818842851 68.7439093628206308 14.67452323004932424 -131.107074356781169 17.17399375694580144 129.7944875317310505 33.94442900870639335 -7.588705838487091 -66.0330013346231226 109.9443453355949742
43

	177.0743400702472243581597945288417846838388	19.434298087134071 -62.483541060975888 22.290528365662635 10.818927876484254 134.19387415099612 -103.94898922253267 -139.50309890195214 100.65536140611799 -47.444317945683778 -165.33173046638305 169.81243088161878 -9.4352247509679739 -19.726709402741868 168.92111392434694 162.88596219648662 45.11671144394208 40.877310165195816 163.02769489783998 -162.02047647237393 40.782352967538358 -107.31013326276664 -126.74865572814022 116.07479570572784 117.37197089380874 -158.10883596429443 -43.840450037588148 51.263468454862398 -154.56212596247161 82.064454136881139 -139.76235929756589 -88.713008562880319 134.44309257371074 -24.414554775440791 -158.20141479748634 -113.86194673620598 111.08601511541274 136.94374410016081 -78.955100788192468 -12.233995018226446 -123.26383548775077 15.238964586468745 -155.19871145576124 -91.656248413921418 31.573352709397671 153.28255276948926 15.60004117133299 106.73922615708543 -109.56044502456371 8.7858632451339904 151.79653135273577 -82.266268906075624 -15.523177823921815 146.19650072143716 -33.895290592100295 95.447267336242859 -56.856789241914583 -44.189483326156527 141.32692507304682 -131.2579196099764 66.349227928858383 100.23695737291213 2.0144662192341656 -64.427025519948131 -129.91710492575797 -2.6101191592686286 94.371885028520822 -69.655703688384193 83.703391508516972 -140.98542528376117 1.0013698035599923 38.602061251084116 -24.837732311631761 49.299854142756665 47.37415886459312 121.50223476233727 67.667414711433921 65.257078659332493 121.68006028384602 43.357095231224228 -100.68883416155742 -113.7653825856774 -74.656973891819675 -25.469470370570995 21.868314204579292 -30.581262769598354 -62.977838203584028
44

	183.1760615733594772706857744456680489901394	126.9534626945198709 27.63229631350763071 156.4129913075926765 -81.3100427012477524 -115.523622892381581 -29.7493067955724619 76.67598077700097292 -161.685451136963138 -71.2911866357671186 -95.6649011861162676 -23.4334641681914384 175.3177250449711550 -3.83589179243152589 -21.7529986665091712 168.6403477566203719 47.24019995650974124 41.70872410719346845 168.4932617457597245 -167.678480715763299 43.28828255906423549 -110.708894052288314 -131.861482020747928 120.4705283908276243 121.5696102936863667 118.9745747471744437 -121.675562445171507 -162.577189413660562 -46.7888586292489421 97.77220082607773576 -102.334795752446751 -91.8433282732829781 139.6876466079432645 56.64932698176659187 -155.323937282580914 -24.2666458734843999 -163.377008642439278 -116.911567257855651 115.2625899199363459 89.47156607780699744 -136.459759395132351 -12.2318198284152082 -126.264611308533403 133.7447483833502417 -89.9447891996733801 16.84515018899603333 -159.287782183035602 -93.5480738324160938 33.55847628004431015 157.7147806519546122 12.07122275351770213 8.643896996502581586 156.9381960404360540 -84.8066218029520797 -16.6867923172732233 94.41522469185342458 -59.0710371406833090 148.5828103109158462 -41.1510199434073484 -46.2808626303080927 146.0170798000019942 -135.675992719313455 68.91718737446912257 101.9101533929226377 0.459006062441410678 -66.4229795803896934 -134.674334056400340 -71.8573786317985678 87.34986724285462855 -3.54175127441575865 97.04394062648525220 39.01083349847775849 -25.3804126000652630 -146.168371882028509 1.499346009292024994 50.45788982046820336 47.92124972275189520 42.23929092127286111 -101.102833856598195 125.6617504290812803 68.61857683424879894 67.58717480379863218 125.0839969242767466 -116.888187144195441 -79.1696410722476855 -26.8833368199395970 22.61833529703083911 -32.1760690229640573 -64.3420639466837798
45

	189.6354391090599072728396928827686455549317	180.45070606290602 17.325999600428435 -76.349501860015693 168.79934171026989 -9.5402632863519869 -101.1647607018247 -130.29731945300387 -131.74836568098601 -111.87141431639272 145.92799599904475 -89.292697154305458 -160.26203733643158 -181.01300617088293 -16.089592929330212 -166.27771068363464 -72.653844267231619 -172.1133773500078 54.378359260810278 -31.668712963100973 -176.82189797410382 -35.856728548082813 174.99975749558809 149.13085091925879 -96.510820800391215 -58.37928728158726 166.70913941875898 66.924152241179868 -162.38523737652557 -9.8646845585903673 174.35660180036945 -53.815954836366089 49.824578001462484 169.11717772429799 34.675279882721419 129.98949167384961 112.07790153519527 170.63054092945845 -1.2928967712218136 -118.24404843049716 121.6327555080816 -84.598685843370049 145.06328210013132 97.95820868799639 136.03613415532374 -101.01527634661532 -132.5265388957439 -160.43846749482773 -41.165481131175611 -57.929874640122279 -153.68423630803713 146.72525216799139 71.384974377239118 85.53284587048222 -38.15295294707709 -30.854480051051425 136.32188901794379 -96.780580940694151 35.714500044868394 -140.03882718281278 76.632893073429415 -129.72327439749455 -86.789782912063544 -74.859680413898005 92.965760342904389 -155.85168782801364 15.649670477247549 -104.19132119878024 -27.014207918102318 146.46953613285856 -49.586228062598693 118.48343007305247 16.190776450665116 45.611422285672717 11.869841246792305 79.027987131550589 79.051816734296821 24.228085123152091 -62.601394813842504 36.598921479018429 144.92645885165271 -2.0262554316707604 73.632707612421086 -31.811000856356845 -3.8390223281620575 -54.429478367092997 -85.774389997419078 11.701983009535672 -144.65075048370289 93.704861997827038 -109.8134428006291
46

	195.9107633993001315514365963606619891848752	-184.585522070218218 -42.2977408333712006 -191.378873869472244 31.23316824390264657 -187.608713060801165 -44.9169613728558161 -190.240321111457888 25.26581350187413122 -187.306260511800957 -36.922680763845193 -171.542466525595387 -81.3666719786279202 55.37051322303508982 -180.613905316074693 -187.428073498829917 13.46002473344339023 -13.1509089025582888 -186.44754508854686 -89.5434241087977227 162.9257105142784781 -19.3380254178926414 183.8967949526277721 51.74351867677627581 176.4816624158424929 -156.265050601719622 95.06619445290054671 177.6786208970307825 39.01068464722606421 19.46478379317084162 -70.8198636280452689 143.7581952353779968 -108.173305808715199 -119.943131640424426 -132.750542117191031 -91.2176867630495707 -152.746762174914409 159.3522858758514076 -76.8392295163350525 -167.029532481332808 -55.1881505288217227 73.11931014235010196 -158.894120839106847 -173.372683067836419 -13.6699082654871802 132.5602119137002433 111.0221703837731724 156.7015574910053033 70.69605683786927841 109.7254225087053072 -131.037478230533651 30.94428366899808935 97.72756680624908654 -139.747782148869305 -93.4596294497770259 111.9285319330063686 -77.7944886155186026 -50.6717775393352738 159.0332477802714379 -9.570886016302815 -108.050982151477072 -42.6576222005249406 -159.298107814051434 20.25289473191514844 -162.654722074458249 12.83202206365048426 153.878666346146332 -29.0270813192610539 99.58104500817266569 55.38300846351597073 -105.603209305691209 79.88308858784887434 137.5951016882613374 -76.0700139798951938 -99.8738200470690458 8.15264364430594313 37.92337677758259673 -68.847344625539634 37.88087449945940932 -147.696316913532854 42.76345262246749002 -111.589599453201302 -29.7438225589912904 -103.982249144037013 112.139819484994419 -27.8271513269214559 -36.0566890942730609 58.66514136681541913 -26.6714184758546011 89.08057123043386127 56.97008812350855322 147.606711461475129 -12.9092562512354636
47

	202.1856117400016671803734685831158221740267	-53.6730641294674128 -71.9191171517695266 56.49769326455007956 -151.786500472445169 86.16750575083912622 -102.908939714197913 -48.3178381885126171 -69.1514837078442923 33.05363547210124153 -8.84827913698635981 35.34102158511169733 40.75199019240047704 155.1237116712023578 -118.464758499139861 -176.294120818441086 -79.8402621274615711 -114.980042308907883 154.7260123478060620 -51.8140680976661798 185.0638333073598005 39.91585414405929554 186.8444244137125735 111.5738513096888055 154.0189683670231772 -68.0143386306758088 32.35477659141467654 -110.280166802872201 -19.6964190028920462 -180.030219536420901 50.81730530366764497 184.4568748414844776 25.31290861816481552 173.2750909835814070 65.34105631339471642 -165.586372928013247 80.48842417628165435 -182.525221864706281 15.54064772776107616 -18.7469328869750846 -181.186931824862199 -58.5754176054869049 -171.455960391995205 147.9090049568050346 35.71738875378645872 82.06988025547586573 -159.285963629851778 155.3894235827786189 -87.2022893608327080 -30.4358069861062929 -43.8805883768804676 -145.616172412365415 -99.1831644795166909 -67.7309213879772187 -7.64421932931493497 120.5100275550043562 -125.769474022636700 -76.9822475094271538 155.1353914558372935 29.87959451528815435 -169.548167595059055 53.72803871159439381 -113.321411876337222 67.57477068836637101 153.7345312415109788 -99.8199406191149734 -136.600697928798780 -124.799957084280023 112.7447147680122441 99.95697990032333279 -66.2163697198010936 30.19401406936391296 -50.5906404468474235 -91.3915492508444060 -67.1099631583038700 -160.003465961589739 -36.8212707917167989 161.0483157155759954 -24.4569553524032876 -4.49201743464455471 17.03242676030418678 34.79067959697748335 87.86935014014758849 -6.15375302467590579 160.0673656065777947 -123.911328950295555 35.74984260083802922 -51.2314506815380283 86.82802389765383566 120.3926196266892247 97.70529928596371860 -23.2626739257809305 -114.517308021119845 82.45132969433485925 13.89325648620231135
48

	208.6359467282684913441029552737654001533266	-192.098358035115467 71.94913340046872463 -188.680637898813472 -84.2494887577755378 -184.45274345420944 -88.4569958131031484 -181.646279811143387 94.01374642622128874 -202.414831887406848 -11.5500172236880889 -192.186771212751552 64.17422792617915661 -176.005276544286318 -96.7625399653434215 -142.732074162527766 -141.00474504345047 62.21398436100074036 -189.694310341608883 -74.3763173222468481 -184.185645272993298 -194.810065842639887 -25.627216284735443 -180.539180955162522 77.89769837615344272 191.7700873734659694 38.47671384030839192 -125.103822952430136 -34.6329151410277873 105.3080773018326681 162.4451197731458478 110.813513034193619 22.02816081508067825 -75.9849620267583532 175.927887568148094 -116.852055194994705 150.5895020663709545 129.721349731989875 138.3262943738354807 18.10830441310742245 187.7605682359944126 142.1692470857669264 -122.454700553468911 165.4486036942332987 -86.3012559610668717 -149.266083514586114 -110.36458231641862 20.12720529622694698 -133.098970342402566 29.28289035800948525 -181.235997994209526 64.41167438728153627 170.9006297235875138 -93.2699246648235203 57.69626474246103243 -31.0304497371097305 177.9507135121745307 85.30975690066871664 120.0255852787552726 -107.004724182274188 -74.7380597450069786 112.1859236999359268 -78.4603057465457852 -166.764525210321381 -58.2224253009964272 79.67081112557784195 -23.3352891544682421 45.29111015205783985 -80.842124930469339 -140.338545321937374 102.2474190046262379 -30.6531687549497178 -169.892770146375909 -97.7321613198404862 -141.093312573718663 -24.1383572326225604 54.57060826048613222 8.05983981673468541 -15.8607464792245061 -67.3694702156717113 119.5827608857712647 84.35668867048471498 -144.8646254680487 14.46734399838691587 124.7534319537885494 -73.7137248436277019 -9.77107302841182 57.88681835397139253 50.51901105159019778 -33.3612574225873928 -88.9380528300379183 144.7066012391339882 74.23241021268103168 160.6985832508561316 -17.3823075532804729 -159.201513575005777 21.41927768810391086
49

	214.6619520124801726696922626364947846046525	-198.058859160271055 -47.17714638968598 -200.348932134618366 -49.1150746061487737 -203.481304433238932 -53.0122843493924876 -185.878216118148885 -99.1349928049442752 -188.584940738651028 91.00324330525397443 -200.936976132672442 56.25070524277509065 -177.668944940940094 -106.456732129657112 -141.18362917924938 -150.91833971183911 70.64397872143571533 -193.148302544915737 -14.3973032545814181 204.1549222050443859 -68.8690442725931007 -191.664408377003554 -200.034218263373816 -32.5296528918323915 -187.980280888057308 73.0134021034790095 195.7976789045829946 43.91455249589248666 -129.212844098311649 -39.3263363878512706 103.1234630842426583 169.8002430472800199 113.4465587733016605 27.17284843338605071 -90.9401884267089002 174.3726053549332278 128.8251657027030888 146.042665676844365 -121.639538345486969 151.9772952529406211 14.56955292042354344 193.1131269100491465 150.7152521352450378 -120.014751289424169 173.5837722893930106 -81.2587093609798217 -148.831083736937984 -119.169159008913113 26.09274366166381753 -135.171688416802056 36.5865409743522747 -185.080407273933758 60.05867628693871296 177.7919110527497821 -44.7031996486721894 181.2299872269331331 -96.3082757610994094 56.53739085455566027 82.34306397296056446 125.3285327259675768 -107.543169225290796 -81.8202417108269202 118.6732875570895658 -76.5485287025439192 -169.433544904483796 -65.5235733921688137 84.8454664002928638 -19.876855745203251 51.78649547626946514 -80.4417336980610429 -24.6889155153048812 -175.629564349404575 -146.257932851614385 100.5678150771922645 -94.1201091995067145 -149.502007789617835 -72.022718031665292 120.0528353210026751 -27.3274229806023676 54.91198331323083437 9.89964957408278323 -17.0264978287018423 92.21624208104519482 -145.973676973639272 9.45216069542229498 129.3180464036692001 -75.0537584017144326 -14.2125196308880497 57.77083300062885485 54.45312628545607225 -31.4455914590966366 -93.5743328334117734 146.1300213668769459 82.19821779056857736 166.3225428825824395 -10.6309913778702079 -163.0866309023898 16.23042762704752207
50

	221.0897525906430238970913437953318405798082	211.2069528375641312 31.42162857281144639 -203.953359524184293 63.3182262435613481 -15.5971721724896923 211.9927453089139249 -148.09148674599237 152.6128533900517539 157.3102441211583198 142.3312274258372554 -187.213929763354059 -102.541412373515243 148.6460652222857561 -151.470010392411467 -148.340355119632363 -151.852777973531715 204.2898877508644659 -56.9417096562418692 72.0515869680654788 -198.412329415691232 3.66176249106771712 -210.057838794592925 -207.156896825118878 -28.3644978133203374 -67.9137616697972817 -196.544602568235206 -191.539252208004399 78.73296953405814236 200.307155801480036 48.47710240508085633 -132.71729881782764 -36.6608823333579679 103.361974396674853 175.9656090498036747 116.4064363741125163 29.46999660489284523 -88.6897417568377335 181.5885398621054208 131.8111474960603289 151.8647753520760375 -121.621523499994908 158.8839643051607027 10.62407621694601545 198.8060828826386057 155.9474401908478285 -122.147230747745013 179.4691953931154842 -81.4566048960258655 -155.383101117017958 -119.613055133279204 24.4761391938894306 -138.36582029540503 35.99777570893355971 -190.098323540610352 58.39632163544063559 184.0476084467399289 -97.496648391992693 60.53973806761408127 -39.9650095209023206 186.7751060225218964 85.0845832284468031 131.4288219428373452 -111.570773590198897 -79.7517685019814024 122.1866972403992548 -77.4682397627894801 -175.719278428139518 -64.228581746141046 -25.0029675286750788 -174.08099550762222 87.34568879777521033 -17.910669876997563 51.01857014666356349 -81.2300227677848028 -147.042862089075953 105.6415418927715706 -72.3660579975309872 124.6217530785690428 -28.5159213494962103 58.90900305280418792 -97.5365464494871048 -151.390029707589434 9.45570096545883665 -13.7694387217024357 9.22170282865019253 132.8337737415858157 94.74622781707748231 -149.412806186027865 -77.4902957204292164 -10.7045308442145242 58.92787122357390928 59.0076481254092613 -32.2353722863948917 -92.4005674882951951 149.9447822141205506 86.32721900526104264 171.8618293279518241 -8.854070632058484 -167.601485976283755 19.37824480354068868