   1  -0.851216481603463472848476465848  -0.370063776356752100596171128878
   2   0.854935517344575452243403271161   0.442820194557585694062888620117
   3  -0.042710082720794885413518762286   0.940985004049343225303187105232
   4  -0.684789499245192162588171511858   0.626037163918928544789208665422
   5   0.892947693806057523259361125500  -0.196833013869149102476773586107
   6  -0.408273628530284039887874869406  -0.798993388588794817210117758065
   7   0.436558689369233363520116630026  -0.764237970531850597354299981233
   8   0.454564434811346651766459158682   0.733598061707237717998541589580
   9   0.665447177454346641687623841272   0.520601931306593853930117552546
  10   0.156957906379234648447942026780   0.813770187580725987764682686457
  11   0.236148392132716952058279789371  -0.121150014327655157157524120447
  12  -0.787091312877842006348432847626  -0.108412817768778490363722346194
  13  -0.711621955855350801179086362495   0.312960149705300249364452121941
  14  -0.571633374188749600689341835585  -0.498004839800850111936206005035
  15   0.735376915050372256211034006298   0.107226129531272935015016205159
  16   0.600595779694169079267723463158  -0.406194242135037344572509116002
  17   0.248411597343104077847507463979   0.358429020912169417286603573537
  18  -0.285855933606283470975952988453   0.629961296056675528707742380719
  19  -0.264109177739098455197066964052  -0.003220853377644324988067080336
  20  -0.001811906387486867353924648586  -0.617353813033514385395056148254
