   1  -0.492017625250376640280132578020  -0.327272262412401578116898270199
   2   0.903429976235117869231506882995  -0.414576355377211042188490635365
   3  -0.391093398231245560630592438112   0.880946239579671304568544380493
   4   0.774097984153690358523775724100  -0.165452977020955851658982539461
   5   0.836737150576047672406312002030  -0.524503976474785230283091662436
   6  -0.605126704177273541536402219709  -0.777165874250423412805248238504
   7  -0.301276093808278158274805568605  -0.935703374453252289061180449067
   8   0.955155349273085038704095442463   0.215909249571899895384066093539
   9   0.759646076267185682034661111242   0.616545792689250403838190059235
  10   0.124988540218591235160773224156   0.345889157993164547420534967856
  11  -0.957490328292470098018497149446   0.177882599397430024438556113518
  12   0.319984683957458902681239642548   0.911612250256966536997119348552
  13   0.611809211633224423508280176185   0.751443956693632059607702730156
  14   0.866709548222612160450409989902   0.428092989912399043273793367739
  15   0.947631313519196167725890900413  -0.180458983391762035685996891350
  16  -0.553972749035088082487699904616  -0.786697373426677184569603792894
  17   0.527271603581753859705464515233  -0.802471796885113472658169429759
  18  -0.939694118954039469893477800899  -0.185634974240443470236619331281
  19   0.944006275756415379312700859045   0.144059373282493874649654345477
  20  -0.128227114957027967303000334176   0.089084158973270241957426330802
  21   0.194162432203031959625898345342  -0.930794968665951857730552380784
  22  -0.213628533505884676539559240858  -0.924081117410253833374046067139
  23  -0.820107287142609906250016782195  -0.471749321630731070156573813042
  24  -0.757732260571153894043930477487  -0.562411448807286276674568530594
  25  -0.623322213486709110770235450548   0.522529527764857615308808248040
  26   0.822519208694169790329935110998  -0.452006535455780038811123293645
  27  -0.850549607772231766189384919724   0.391734191858478447837155872744
  28   0.750653951009120388724317644997  -0.556504799026948369859833915467
  29  -0.682839863767167605851560277414   0.634459082027529342168400974486
  30  -0.352542512579508366959883582684   0.516584155817934898484466527110
  31  -0.219855261010023032973592069440   0.463128474038618491515003578842
  32  -0.246089013690074578534355875234   0.138206363390685747083014478257
  33  -0.496198988721410108503754051886   0.474733162145891029899146480787
  34  -0.883272524525613943034402789337   0.252681081849631188093764144664
  35  -0.764255653643774175113136919092   0.508655207401028302222600381255
  36  -0.050940394474357689587861471641   0.914291152834219334191846532648
  37  -0.077426425405664334401012963948   0.534288723670216116995821323707
  38   0.650071121062457143849834774637   0.638260519204758465658050964447
  39   0.761189045449372528486950263041   0.496285698947819836242148219491
  40   0.666506114861307470704541480988  -0.179143632966988811193844171487
  41  -0.232186334074649377877220690191   0.631258597541723312230393198782
  42  -0.662922406651928603540329647810  -0.439956248900598887784108594463
  43  -0.099197198818935976991011634912  -0.207064242747985770467017014319
  44  -0.210272827510423115823214283231  -0.036309807244717306942072618822
  45  -0.052366519830056390939600524495   0.724642088284484867251901901083
  46   0.285305312575133787557087542291  -0.045631369087085120059782173591
  47   0.844031836659514365077464915894  -0.282183763838825277823886584773
  48  -0.610404720026605617375968483705  -0.644368667127223550221437063019
  49   0.149115832141253402917688108410  -0.567774164892899071733748422936
  50  -0.830019149322108699531821195025  -0.301052283927854696861377021375
  51  -0.242995804990681407832069956584   0.846397177956802094046125340146
  52  -0.445965000642106532370232923055  -0.477688572621542581611069339829
  53   0.585160148469576349956468194058  -0.649136342461795250973569402911
  54  -0.599262050733866037861972098580  -0.223291235853611965333657864613
  55   0.636042775885953247771086428454  -0.399561350548693076990419509568
  56   0.445813550756569671220720245839  -0.222476082717976788985525397442
  57  -0.361040564732154962121610983401   0.313058590733693235824344389690
  58   0.385035773861567938468890515347  -0.483214603163353650677527507934
  59  -0.335379689225425723300473263872  -0.242487095381406086580858556847
  60   0.162562651790597788143629603164   0.844002269728876090636409612608
  61   0.038840085070267091880009944959  -0.000678596071120519173199313612
  62   0.794009229929669863447444329152   0.262091562701154034440607801647
  63   0.852131480492216384362469186956  -0.024755760691204038276451939415
  64   0.430804572694279702191978731851   0.732913189690098371740089320959
  65  -0.473727162367624844055504402282   0.703108298401113096848666947120
  66   0.245768253028377960296986558483   0.213609261729594015048263147799
  67  -0.651004976429049216745856273489   0.298390537582946855662574600983
  68   0.330425736172939015832579510060  -0.773134182136447033735725276632
  69  -0.061781374272720533201820216117   0.286592576927572001655364931675
  70  -0.467389976365995654615683190302   0.035367357345751835543303888602
  71   0.155511842272108780171457133899  -0.286877453094571402538400712481
  72  -0.350849430419997240568063350214  -0.752001601836539778736015880207
  73   0.180279147008555847002597710909   0.532502413479275490967504119015
  74   0.543184578425913579133933488335   0.065913043094653499879738891095
  75   0.506652486471736139804680845329   0.415924114200055667277600882714
  76  -0.131267356147530737196837406035  -0.483840556172484134651136413905
  77  -0.006600298191432160387420291176  -0.819684650959034139741877092143
  78  -0.812951331422116315989704397833  -0.000000000000000000000000000000
