   1  -0.061086796677148021357102146235  -0.978481591822574743881145902614
   2   0.005085466830927841060843632417   0.052882743702183098453437602966
   3  -0.855955012985518285257984508225  -0.205805450469190338524755942347
   4  -0.818579339636224491903136759157   0.548235535509571047753620528555
   5  -0.836253207489032923210780945417  -0.213319355298135788899492347361
   6  -0.519319280314068713919513099043  -0.834226705980690729363608069695
   7  -0.762072250081684160062763873824   0.618463889793253369169802696481
   8  -0.845908816311033169831473361591  -0.488179865908892151620572607914
   9  -0.914017194753131451261032896725  -0.342684715474456839976021601554
  10  -0.954180477531335369501728246257  -0.193868651000401547080500107987
  11   0.922934503703458427345176177125   0.279398027070730645860411244725
  12  -0.467890254987933168684514573566  -0.845039358917244567403452457712
  13  -0.778627288312944691409711666431   0.568486992838683290481049817080
  14  -0.957797632546786168498561574582   0.090230627177334609094714610447
  15   0.878356313674541954288895420410  -0.387853870998551988283420261439
  16   0.954464548327935691425916621633  -0.060651504090146240755762672102
  17   0.166273243134332775627119994890  -0.437880995131091302164778474787
  18   0.280078072039852072140350845659  -0.910147109264307552928799664737
  19  -0.116554035827111099978081926146  -0.942434846873721396239206223038
  20  -0.232707040804139725136784092997   0.357047162205356573616146343119
  21   0.546188760480819993835551309194  -0.577500258855168988082282044146
  22  -0.448851221028044271141937683670  -0.288197518695196738320738208860
  23  -0.897866689052874922967260273885  -0.260011469881071014644067460553
  24  -0.847502051931605932114976465767  -0.399221241989505811787048470318
  25   0.628111590714682506894811256676  -0.284725945800392570758073685825
  26  -0.559690153041229551421970729961  -0.348868675565860460841759848963
  27  -0.551482920976334305635900702489  -0.209594404992212426718253722811
  28   0.633045036012647468020403809163  -0.674964423107360848628152545991
  29  -0.645690674261469626659295896502  -0.096080479475364986440727926354
  30  -0.085158782224771973746133784943   0.917015353756863270018435439185
  31  -0.332008597823521986912074837475   0.266700236776015921834174562190
  32  -0.031940250072720966274150187366   0.728155296842122724728003375388
  33   0.538887666804157691548851292397   0.737163102787923845209244039141
  34   0.138780579043859825848482367746  -0.306152311378980375820965188780
  35  -0.668393589937950031269106952992   0.073953139817044633858990294190
  36   0.196266625023781416359541847050  -0.578129662369610192313264858082
  37  -0.779282620810514483130477114853   0.436869868149828876540968479987
  38   0.125234813076732331099817047846   0.073575416432282018610363920672
  39   0.326721722108877033413840491503   0.095653249327870250735615071627
  40  -0.540056690991835124093030980207  -0.712828073024350888714374955851
  41   0.810018201299772291629200343110   0.373716568143769664584222341176
  42  -0.280737798535440700734390491571  -0.276817269283122661299794609363
  43  -0.724595471421846701928475002168  -0.272729963723750863155906995604
  44  -0.356754409673255772159705344522   0.471792472761331807456884020830
  45   0.107862068179694755579748044722   0.874919451280267266472927087186
  46   0.338727339721187659553166873514   0.811016575884468734310635303232
  47   0.153967098562815080296289318630   0.634962832814879747144635461960
  48   0.245246471157893482639255942846  -0.118380399094280459756186958769
  49   0.665288505163305289103563939169   0.562188518094046847512396953565
  50  -0.841004455537464017892084220282   0.216327277495865419097693499411
  51   0.401875178706276419451279386126   0.563607878958496152205245620361
  52  -0.688453174703171923606622254838  -0.520578820490383588198403488249
  53  -0.858499083747172870642580151988  -0.058414398424205709038570806104
  54   0.714863461745882095078679642031  -0.474214977865695823794161534640
  55  -0.407665532025589610645421728148  -0.498375531043202783221380489399
  56   0.827012940696698627938386056097  -0.207253895864802956345967120250
  57  -0.090264063338806440919177203519   0.501249809155763924536213166260
  58  -0.591129017160211421671565887291   0.607059691423875597824500257972
  59  -0.566562890447357129429607843572   0.300053103592939953594839178082
  60  -0.105283292377101824760456656086   0.189382793996228599775181133277
  61   0.400974742563645747279238441526  -0.737206901940561510350005931393
  62   0.830386220233771653999852331243   0.103348050757861226962587768291
  63  -0.046838178467319074126605402920  -0.129477011459620798153247234627
  64   0.544566813908465063212508675216  -0.065805928293006310298305976530
  65  -0.271214382276792307911156168621  -0.783269240696642199866957375016
  66   0.190358660027291799654614209512   0.339738939891039173164356279469
  67   0.074283047063787360141653475583  -0.820274243347232076305376891172
  68   0.538274427254061575131517176915   0.281610608118705803729294861053
  69  -0.295496399369071492396294662925   0.763154623477172789735503328070
  70   0.400144065232702975921204450451  -0.387623195860431863950011031582
  71  -0.070246535583067578472479945196  -0.486995576726219618431178025418
  72  -0.396611288354661531867847097890  -0.000000000000000000000000000000
