   1   0.856938264257635718944742976085  -0.493378157611472741002503413046
   2   0.301525243851823911771435557440  -0.925244554285947776161631705757
   3  -0.453547459780550140710295155748  -0.881257044373083075922284223545
   4  -0.033278705165756013209065520210  -0.988939252991663167238457902054
   5  -0.561221031275269429950626494709  -0.759368501995091365493133091678
   6  -0.401599371400123047849560743915  -0.767230950768030360333490028277
   7   0.906565618455739804236518592654  -0.382420242084452839370913821844
   8  -0.611890515626302343180929244856  -0.769639446495251893025443188987
   9   0.551560145191722900756251948969   0.468114832598386566941916444841
  10   0.684209190015786801144587916856  -0.698422430401904798934718691846
  11  -0.577367688267346975890080809764  -0.788117866233782185882691455451
  12  -0.060713352431634595598531029622  -0.967972515431889002956202330052
  13   0.378169734849421151104696935067  -0.896376260016144487254797681900
  14  -0.788097238213756512570684894958   0.566764030015538788526147913106
  15  -0.779281813058250975862163911665  -0.575511966997060698200452278384
  16  -0.896208698658452557090843176849   0.362299497245005778100219100036
  17   0.317210036332172910398330252889  -0.886011646810176830205043147412
  18   0.244442673827217763333925153040   0.930956040646005994195505099417
  19   0.563243949869289654992592035801   0.777934003735952273505698409010
  20  -0.957841310840822467677421959749   0.031698649567646161580202425891
  21   0.854427205380101295826278802159  -0.429722862338373848156991546344
  22   0.510725824263600893401551466990  -0.655940232882041960902282089698
  23   0.484029288261148469913887279458  -0.392548126349057202598915328663
  24   0.291328914331288282376209692024   0.343103268165751494305935544846
  25  -0.282506676205895522353543635874   0.645428177838823345357444410793
  26   0.231983818036502682186564765411  -0.917546397713220142457713117776
  27  -0.155347312728954581584361401343  -0.450586943353026980364555341865
  28  -0.879010249898650931929879729222  -0.338617168092367447127478881245
  29   0.914265805434467841011250845993   0.217589240432154315304708312213
  30   0.593948903103782467910806154436  -0.725808391033151549987662303373
  31   0.118203761741749721780240159618   0.715675486295351680266468046443
  32  -0.059705954014439188246157389215   0.932143282103398041015354575289
  33  -0.192390734325326003759735877968   0.911820955024475729469605710766
  34   0.778879744752385391423042716013   0.215683878972734831058195726901
  35  -0.482292513659539383871736060892  -0.792302475632991542175682347891
  36  -0.538082844946272300546778844738   0.753009174530147959847679523992
  37   0.788179031526730491773235042586   0.481753718925508065753363144344
  38   0.855616936915523654705367699210   0.342679671438446720086379389841
  39   0.208477505130699044436297719102   0.243140266674820734725298532282
  40  -0.378930586182584345004692917341  -0.674557114652430567427406616821
  41  -0.149434683666371260909363325005  -0.903227847781045270915068472065
  42   0.667127936329839711464118239522  -0.077391822080423611479933854465
  43   0.250206058969539831745649014037  -0.776521611326121525689306639194
  44  -0.785842404331843772979037256630  -0.454100186700738840311375241655
  45   0.111677731383970823621856155001  -0.657632643568989421635002840314
  46  -0.375092530569305467356734689205  -0.219775085153149376632580582666
  47  -0.320913345716636857638742966776  -0.844202802965695259157060596618
  48  -0.787783037981111256698218596104   0.437428213412021669575984675812
  49   0.439647373617838048787950159166  -0.784184956848044857318573411966
  50  -0.433913435136805397697488143539   0.597431761752823780328557403615
  51   0.635638235533320802056972932619   0.114854535600455372390516309451
  52   0.107243136212004855458911145773   0.886372744484566531744220943958
  53  -0.171780602181686507971487189357  -0.279928629351376068715401234665
  54  -0.308440811223830898766454801199   0.181022974138619912766598706108
  55  -0.650287004065298682327583763735   0.602647875743473180819626410142
  56   0.559367876650849513340367536837  -0.248214139037960758839288145251
  57   0.468219148216031879277041434002  -0.031801651187788500920376872683
  58   0.407206787783112906054577090324   0.466261541717607327394830820458
  59  -0.349497127109460742896299399857   0.805612161130293242307587282940
  60   0.638535441454906076717210223884   0.349213294572608214345821723300
  61   0.058486771682527547844113894521  -0.872330972679150955116991927623
  62   0.232655900443316038072635064752   0.036403493319948391007205736235
  63  -0.230638498116977166282215104200  -0.047725915422328226523279508197
  64   0.420942227272528247121335106825   0.215215897873463882752213379126
  65   0.618660225272254994179844112853   0.606049023790670920605466447885
  66   0.863538164996783813183932925339   0.027792670728860993000687962325
  67   0.024742800053504233007839557774  -0.129267042321562010212012484955
  68  -0.351100749403765257269510369147  -0.453734361960850848785406489694
  69   0.821408805560415534984250353871  -0.247210916885380167793780639414
  70  -0.598018828903933211665880309725  -0.312625808795061009948088269619
  71  -0.091895330154735426048359908530   0.722332818323909879291203116477
  72  -0.599095710649486550614997816106  -0.605261519812539746853508747288
  73   0.293662844538954744169154627768  -0.235037124310011220909690657874
  74   0.050341597946132962029801973535  -0.418714127672363452787790602484
  75  -0.835240555751596334675514565944  -0.130913531747942882433798365601
  76  -0.139989000468775518014817151233  -0.662295962745645725780006037453
  77  -0.821388726167359408846417201985   0.182026033032116129978586220382
  78   0.337845931346515080074354271648  -0.543069677060259350032184401869
  79  -0.219179657701084906818412864703   0.440629877210902563840108718013
  80   0.661720201118026335266025724528  -0.509484703356128648580862574152
  81  -0.029582647360025333348801246334   0.170858550789803509403665435040
  82  -0.536636976821734731236607682945   0.344153261507727492158505426134
  83   0.350431103708777818775367402749   0.751237743126625131818406101339
  84   0.114833736800666307369767665200   0.478704133739164339192809671849
  85  -0.531887580282384851960078607103  -0.000000000000000000000000000000
