   1  -0.789822978878973706598974829189  -0.584833030787853046237812996101
   2   0.108270457356888601030518015421  -0.986670000563456183559259687844
   3  -0.544151489141081110870638075766   0.234982218908513768113379644514
   4  -0.418713821374897916703527837840   0.250414389404271268720609613242
   5   0.122502688532171518656436232239   0.816466133137211106637143872535
   6   0.534202355969920231297404325193   0.819907095940918524806513805558
   7  -0.551961652828993105179357217202  -0.381417731195666601075305461585
   8  -0.657370821804737559273169692011  -0.199775858977471133173807008472
   9   0.909510423348453908434235477169  -0.333005840206331985259717909770
  10  -0.407481555372646996708552288884  -0.875231949151419673248621081808
  11  -0.650484615175276414193408264961   0.708717544925096554616832798394
  12   0.773809519441550691734754918209   0.565678460276634614292166022990
  13   0.404139459755298741723003054303  -0.865350206019373483575730798902
  14  -0.926416652439445489648599717337   0.217536541106506603625316155121
  15  -0.322108183502580278421231740092   0.891425286886387008554861825381
  16  -0.915878326201422956652208758634  -0.231579528201296684864939396711
  17   0.008929364417619301127449263569  -0.941203697266273186555238212586
  18   0.298298603742798250070188851994   0.889082624262614325349796144820
  19  -0.608479520865512048273114513505  -0.709036225003149610558591514539
  20  -0.628824571622158316926787966424   0.223256593533992986266423136585
  21  -0.701436532049812979414708093725  -0.606710480697002193880910572565
  22   0.419781277039425253523837969816   0.823101384771147531217383995639
  23   0.157722100742882617631765102624   0.906896484082116212848437127172
  24  -0.479014008013773391343465633292  -0.782005273142642308154410279523
  25   0.873900730363118504879625122853   0.261232375090839631096055061630
  26   0.684036407712542130003419461519  -0.600375611405648315505844684049
  27   0.796693873485080753111717183741   0.432846849770129081411181977778
  28  -0.296202198810383783200343100230   0.259010495247212694275577768982
  29   0.875888510257710198676927658354  -0.205937350868786847694103043602
  30   0.310545901125097161380921264122  -0.552446631067456668883030382672
  31  -0.255943497059525108754006166395   0.059113439012433354291311596207
  32  -0.687138216404402375101274185989   0.564695621172899972923093828207
  33   0.034863078084087907718936151899   0.513351374598394222905314015569
  34  -0.471232185421844830387040028999   0.123279271225733405719820607464
  35  -0.215466279718549499614527121842  -0.422707740758236644436344496036
  36   0.770338164500290696946707475353  -0.404244178464012596929143544551
  37   0.521059594782882083158474724429  -0.455990080317855664474269028142
  38   0.494138489318414035602821251643  -0.713796879748309064624446829810
  39  -0.793474070939925531516879135699   0.343548482422661197405371755433
  40   0.861158133575801972723240585595   0.032079168015311754683674317048
  41  -0.219456274089783963945003271441   0.486016653438044317672031822680
  42  -0.497776050977387424966213662008   0.392790712369135170372340823333
  43   0.229649118606937728507907474939   0.689749789711968388029284406749
  44   0.286901597966645359036801134259  -0.297364039189234718381211622115
  45  -0.466221326067945180776307920233  -0.539660283571615982817923370089
  46   0.052318688914376814814577287965  -0.504369063879713425635584447504
  47   0.281564800610101946372599844441   0.383062564537800582308144761741
  48  -0.745215712302690599178032390872  -0.372291559457095831111715707686
  49  -0.443210155748751715520789648142   0.702527456822015029869121833172
  50   0.195293934703124362999822890136  -0.803769610001675276592964842372
  51   0.284017628937701970317615496484   0.042722432527727869229644462603
  52  -0.021828190177226845818796340056   0.224876071404505785999170457624
  53   0.551804682149872519887431267251   0.600034327017104059793313903661
  54   0.591792623546449865291172900538  -0.149540857071485949541461925395
  55   0.599015327954592049063650812134   0.229771642454299621703318273031
  56  -0.093925430911116166383687778645   0.800969322047249240231499330210
  57  -0.432138921606815101565143406613  -0.188788036435065210891210520890
  58  -0.036043499639891098565069918217  -0.155963703076371175323920299981
  59  -0.192317154814912173127265784110  -0.772406232564925540854392692555
  60  -0.791928063148546790421670618843  -0.000000000000000000000000000000
