   1  -0.378559374941597023816227190061  -0.469217398297979809844924279580
   2   0.599978177785668720544951239266   0.778587263965350088700192707639
   3   0.783753491083048974185839900023   0.273927421178770609323788398149
   4  -0.306881507056294737039945643952  -0.348938272349635410079630308039
   5  -0.492027252285487016025528599895  -0.856126022240119392078333131381
   6   0.521264452310961309336981681268   0.746651784263050663620197192567
   7   0.745617122178148739826650642035   0.642214150250556586292103061367
   8   0.982552562388845808575996082219  -0.040384455749240684544910784408
   9  -0.055011722142439077120980244717  -0.015219280579805059958123744230
  10   0.037554548259158775432149071941   0.971588557011212655916309619388
  11   0.962776004332457711780911342662  -0.007062895549600729728687346080
  12  -0.126677069263479698308984703664  -0.603522095631262020686996550694
  13  -0.161896134775553839818605196095  -0.328709710975283946096800036556
  14  -0.514683719815460706223151194861  -0.823494472657985625251630664454
  15   0.264253613695618705748883567479   0.929454813327368219655041590831
  16  -0.108715667205715656253922895206  -0.665311698586320628478947099021
  17  -0.260835602782312310987744244788  -0.926872982140126713364868729422
  18   0.758884017746860143480426528765   0.592978415397988152120355152394
  19   0.547611982596856848796304265894   0.789867178650915847335897438436
  20   0.069338243281619189712937707622  -0.956979536998974638559806321013
  21  -0.301583039770527789915839300852  -0.630771002689197116852147974130
  22  -0.121711215557011161849472733936  -0.233717854063282376505047086787
  23   0.779967914877186736457682325535   0.031664027549268403349045900271
  24   0.569642016999594661640880030306   0.462864988226166070342437158035
  25  -0.608531462822519615244811678956  -0.058366201184102314769650882491
  26  -0.207572359337206769646347399507   0.335535165397050695428371830515
  27   0.260551750610486436603846058565   0.582069414308722309801601592176
  28  -0.030559277206057309962453311703  -0.189753982085578523219073583054
  29  -0.252103773519879496730364834016   0.045716288114980560471384604614
  30   0.266951251597174760759597413829  -0.446319398698189804719781850083
  31  -0.203748276513042518101339071723  -0.669571943500006184052347254500
  32   0.880665290001098547135433615393  -0.314781627441306531489975752398
  33   0.359304116193678993346032484861  -0.154413575906927179029604549284
  34   0.823149105136601465552709558631  -0.435349423801510787041746374796
  35  -0.843008759727366513248678985874   0.389865726400508273192563608390
  36   0.891220258306127578022623830032   0.254843051623246788849181377497
  37   0.410706229348832049684560897277  -0.828781301984834473044537135060
  38   0.539772458319504459158897802455  -0.748823790670194335649797848127
  39  -0.887792775192068555263464100902   0.245321827380444786195350666072
  40   0.030070053459199317671108539422  -0.066194405226972385997554999902
  41  -0.053117011525602394681540452154  -0.341208502871778927029798258374
  42  -0.578188265646681446848385725582   0.075759387330483250631061704001
  43  -0.250916422323627117522588267172  -0.258499571273255974025240483490
  44   0.906581896080472136397621647526   0.089040136916239112331378973302
  45  -0.564749791670210385727172110335  -0.712174940935855772589527834643
  46  -0.281681948266585645630193846727   0.862041495681072763260606132334
  47  -0.508517267081469212682934084486   0.433139741973472950730113883723
  48   0.138128771865463265318226213907   0.892219062369413616445493872161
  49   0.408367225802051174160801444471   0.520120263091160080474432875399
  50  -0.432842466137066608987582587001  -0.572274629014385270547437647329
  51   0.734367142022530263988538091239   0.174560416907561047957175774014
  52  -0.156481278524923813549014377659  -0.087924373452087785258769397059
  53  -0.847513258594349575101630701226  -0.280507488745877067933092246276
  54  -0.307527909187311939258477639280   0.470455912591536807206306526528
  55   0.703691343925509229778146959962  -0.300520427949293321342351059632
  56  -0.634971281920509790930093747572  -0.220264419471142986208856324255
  57  -0.074121920547531941637304825907   0.881521186371541185325710710735
  58  -0.079522812737129802456280206887   0.451720874224347874715198194615
  59  -0.439646172840521757389986441880  -0.351763442135068730766177740303
  60  -0.704962299847778901841288000562   0.524304977953746055517380707881
  61  -0.184907645920341747099251969321   0.668298145975094101595267812051
  62   0.601633916386663541217589442289   0.634671368423853679763354601087
  63   0.863739036586864762782008434395  -0.123247970476300392186294524727
  64  -0.359396280217008720491572807096  -0.792806258038277434006810123465
  65  -0.221216010463603950843692258000  -0.475364766085254179493121181363
  66  -0.676810188860598115515449530748   0.270839453554236480437833744656
  67   0.200481681171523020177536534123  -0.839470315297606237361410454868
  68   0.369863250076704681518302402512  -0.617827453167973886342115239365
  69   0.752669321302710194419255427693   0.416749992856101732510158323919
  70   0.080122917960424627928169798012   0.660538012178671606743496148833
  71   0.648986800788051946565743823764  -0.557137324369116292839320309008
  72   0.450744656794231634126440637471  -0.346255772817149306179603401199
  73  -0.410958264183775911676336148662  -0.086139979204940983396279658390
  74  -0.085185629208530363537955167348  -0.845945693374548492322573828858
  75   0.166470766837428513780853204027  -0.257870573447382090138588988621
  76   0.356004107391929984580794032610   0.767642333854514352690363472008
  77  -0.382456966884563511286024787775   0.216119411514524053128942112692
  78   0.491809108148907781781892703429   0.271648826295329078687416701290
  79  -0.682151399613851093963159172291  -0.490350944103923621046090567075
  80   0.189723043294159734421189046616   0.377411051695093012537947791616
  81  -0.472377678902087121454019815976   0.689678835518662820595543139153
  82  -0.064141889231609087799487994052   0.168778465396519847071619588056
  83   0.249062145824179704402079780401   0.052879203414231922769490910619
  84   0.066853299492119596314436710449  -0.564607459297174171943080326234
  85   0.573528023083841813542442190804  -0.048825196709912061103391433366
  86  -0.825935902531622947709425932329  -0.000000000000000000000000000000
