   1  -0.804107822608000000000000000000   0.485741857618000000000000000000
   2   0.500280046530000000000000000000  -0.799438439613000000000000000000
   3   0.799375639593000000000000000000   0.504401500456000000000000000000
   4  -0.176276294465000000000000000000   0.933559141996000000000000000000
   5  -0.935444722894000000000000000000   0.144960608594000000000000000000
   6  -0.521270579147215081105420568031   0.794108380482884316708510114507
   7   0.068277332162145774112973696747  -0.939220100495784337529706890338
   8  -0.364886926996410453971805329639  -0.859090622220600240232022934517
   9   0.343330744517375891006406831106   0.858967332900859654300891204258
  10  -0.819228537182517301443083253861  -0.411370796791063174933911716727
  11   0.075124209827000000000000000000  -0.168030011470000000000000000000
  12   0.127858472608192293021483597224   0.471296453880216740924686292874
  13   0.885545040275999063895943725030   0.104131171692033605954815189060
  14   0.757652745195000000000000000000  -0.451145383606000000000000000000
  15   0.810543326087852583696578057666   0.329794099099727074499297893742
  16   0.580180093997479984236957394638  -0.643916579536915374181248246552
  17  -0.512074417556545652489509159862   0.234064457250119047312157608668
  18  -0.797494162127130435187483451474   0.294351012451599121273137298460
  19  -0.312339013853850584307123271584   0.781660335606677336059046998984
  20   0.817269681124489390896898669636  -0.162415000703248787659177494905
  21  -0.127797122860599452216722136433  -0.812967491199268446789850616403
  22   0.592708895531765407848037912213   0.111817830791740649595627192757
  23  -0.583008299807500517924062940470   0.560065677522839373089903029937
  24  -0.018984395594549883335836228666  -0.447363695796057855541599715859
  25   0.255417520911466541338157961324  -0.749452068788012334192809148320
  26   0.062455254762527532127773155516   0.780958447290903344000131826721
  27  -0.192287201202594572274074189298   0.413776038893681558486491693569
  28   0.177353877334642770044854845198   0.141842627339249479608473419691
  29  -0.749420942340290968726625648460  -0.094138380130804268611881711263
  30  -0.258845030855997917545858126739  -0.065729495680113762796770634166
  31   0.411470806341725408524607522876  -0.290685466993857564410912964666
  32   0.486048016001997272688259402391   0.548741207648808224674250594089
  33  -0.484731309698540774280790080882  -0.539331662528050027064542967050
