   1   0.760273887771212349491837946078  -0.632826765524620740251603197055
   2  -0.955908295326413157140855364155   0.273240730127696572390412946971
   3   0.457249930119438598705161863647  -0.874869773348660676306069827694
   4   0.957207720546855587149887851871  -0.009948307324649696789974630217
   5   0.487046866020830768068490509024   0.855436540241684587425639981290
   6   0.741256452088146148979093645832   0.646406202713554239399138754462
   7   0.735914157454880503271146669166   0.611854685099723631135398323714
   8   0.918959594675185451091046820095  -0.333991419039519085665357847629
   9   0.299123486648109188402363807817  -0.927726206828251245026246696675
  10  -0.295812621760807831340192799256  -0.926739192893131488312856849681
  11  -0.557867136651463790272064885148   0.792178343290628753913444559097
  12  -0.781004221705282322635578575335  -0.571005302807155269362382258222
  13   0.841579516755005603233213749238  -0.470365520103178730652420485148
  14  -0.523391099355001573627060681542  -0.807278551566579900748839444631
  15  -0.756572151555889352804777381631   0.590032186294596257844233563395
  16   0.907338234582512094657148872724   0.303218795891400431795941235547
  17   0.191921679017606417679810236480   0.934922745545985207509430980812
  18  -0.195078744803631391963328673259   0.931047826734018601397277017151
  19   0.867170527080780552323340393681  -0.384646088665659889977367468981
  20   0.491913910776692242633284145521  -0.808483489334844031785226633837
  21   0.694419099631369226412559105031  -0.639014223712809907712947645652
  22  -0.915977855541322360336291476420   0.215611285704527763910594054075
  23   0.634930672190842486703323144655  -0.328813272460296684774202705867
  24   0.763854721524283794756505409343  -0.540338733299283464473155051354
  25   0.562789542680662620337699829204  -0.169561223411656316929067876062
  26   0.376089758505165931517978247226  -0.850876203386673061044543017990
  27   0.745343778341445551953073064598  -0.404852608025158876917450282565
  28   0.513783750157322232004458403977   0.769097802214289625582879205792
  29   0.583443880104629706722661424448  -0.714230812401489669496707890233
  30   0.633793256959063152207896064677   0.666253102035172710824758187338
  31   0.384333076195208662741227960614  -0.468917112029620896314928628024
  32   0.234681553576473062961176472099  -0.547265127001701261986776050681
  33  -0.796010034870480266943602986052  -0.444109442088207251865751229537
  34   0.409067396652709204750897834559  -0.132209447737130844060790684351
  35  -0.863503485607795680618360608032  -0.274735421544208254957307544369
  36  -0.030947535437758235840140182719   0.084531268886655314411802695044
  37   0.475069224970854819491644039372  -0.310772001346320847388839154845
  38   0.012534709564949234494544894548  -0.109059612293874811700986332223
  39  -0.499777287857355417183716508052  -0.110387986119269213901189401898
  40  -0.378443349349897578328063862743  -0.808567683424406094325541928095
  41   0.041887000775372982432405381944  -0.513477838198797796520753634625
  42  -0.167744736924549462029463979879  -0.871387811429665720660332493343
  43   0.396266187981884433661008636098  -0.666971992680960341972571268241
  44   0.582874959708244484702758276085  -0.504498404759113293605206469137
  45  -0.603439084278661001342745383668   0.639613199863216151653712498816
  46   0.448347999899992305246843157730   0.581784435112552973906418606485
  47  -0.644077849648125312753138193857  -0.290245656903635352603423040886
  48   0.860339420283569562865794107496   0.137760737619899216880004373918
  49   0.310173362487236712674729163613   0.803268825060807889031161947661
  50  -0.101823968354154268621524414158  -0.315446057214200905325384512203
  51  -0.201577197765950033050880648300   0.243628239208071710986181614244
  52   0.069641255862188766064832596761   0.297967833062224243293890229338
  53  -0.377810230070652126270929044968  -0.325543225885292890248119760936
  54   0.178498633480506261142165284961   0.560509406680338393547961281482
  55   0.355005856067056905244483585492   0.327571110490465905949499937226
  56  -0.412625375106175414006340724483   0.447448430400702266866780029870
  57  -0.118796478937541815866867247117   0.521364944862277073215162514914
  58  -0.478557685042322387802232000128   0.148979079581179429834406442265
  59  -0.242388471347134587193079672110  -0.057508814871729264910868276595
  60   0.227279182345640156903800043963   0.042367006856289355336429956934
  61  -0.221236378437387125439435912294  -0.588061133573259696177522409708
  62   0.207860204515210027730114474181  -0.292744367443331545394027578141
  63  -0.335930418677504957533887729342   0.759781887079367512557279943686
  64   0.559882281760203794419598382159   0.082965086088596256867607889845
  65   0.001096353272211557858386020590   0.825716661398955166182985781398
  66   0.806701244861759025763076937864  -0.163161127670017232900011191239
  67  -0.732865494463660716669660629348   0.368632937538111081454400261655
  68  -0.567198144924137154249491793617  -0.588962088767256878504226161363
  69   0.704378953896611423359575681162   0.409954567412863742553963517854
  70   0.123848610297839752425010986623  -0.799590749659689948598565524989
  71  -0.790713000730039760213963235215  -0.000000000000000000000000000000
