   1  -0.903630816037295845312182066710   0.423144213129689420406705033792
   2   0.848063316745640288185739582755  -0.494524194753058789635766582595
   3  -0.706266459464838229496329685378   0.456490840893924887684818509610
   4   0.592962624931790370463730852138  -0.631063947877091826668217216484
   5   0.482075089978693857258409441132  -0.758848573765019987277767640584
   6   0.554985550214797855091808457357  -0.723896345631472036940321399750
   7  -0.695011299941684826274834620544   0.441304472599173898029142506305
   8  -0.131384470739755987356603362587   0.024755809998208498024692778987
   9   0.601180035992065238704105836344  -0.777599934743674444764123812404
  10  -0.979039917656174101403868335282  -0.061810106422784295871028437518
  11  -0.649343195104894787058954677592   0.159106619205619993853743198953
  12  -0.390305983069253504653005706399   0.642733410558296326055314411402
  13  -0.471811120607749656137135127864   0.485509320149722136540707236843
  14   0.971769672092580109010367453122   0.059063845951386739020824889498
  15  -0.221033357061351814107471318713   0.945405448250297547892070404174
  16   0.751353332609403065594613420980   0.612001698632977461994864622532
  17  -0.909935311958609532136648803026   0.330042230893971788946356784411
  18  -0.796400198987155171560261481863  -0.547031180631145186203878743364
  19  -0.579458730910221194274041113552  -0.770707709210641449835556717036
  20  -0.677726388328084757046482976972   0.490109627654890304667916846870
  21   0.854605290932063817577152964706  -0.438243849183433608677130676302
  22   0.901047395002186222598146836426   0.328385577696710256195024283599
  23  -0.507580577761060489191026955934   0.811151294009049247999094261367
  24  -0.955295696848800857396011666889   0.001514545244368887559073708608
  25   0.552912354481206464678070329077   0.776739874078486225233014138291
  26   0.536183454538622178322312615346  -0.782665594439602673454053264467
  27   0.430675503141247634551993395601   0.060410693536397789860363244632
  28   0.466765498431737702706662038268   0.824950138019104480729011632265
  29   0.302018675955764111184069841998  -0.896195550924852551717387680372
  30  -0.146610571326613982253820764716   0.093878612730763692356532323564
  31   0.616352936467552574658029046424  -0.330430056795036028540898014857
  32   0.624620374262722076575370414274  -0.702625482957278179759075209442
  33  -0.389435558974118823317870082262  -0.331208134046125252155246831696
  34  -0.750338701287044717170015726554   0.560663584586739187225823842014
  35   0.184374834585180388831039684096  -0.916445236397099394390498848468
  36  -0.279682092693652934218420986921  -0.262594300288396499027681194872
  37  -0.441513020793488388482216278112  -0.450740298069918319670912471102
  38   0.282417065451733236489739746973   0.325228458369174280866217557246
  39  -0.403872805790676093692872713732  -0.197878196267812245425081349252
  40  -0.390451289595429028023536570381  -0.584765295471990137265236446188
  41   0.500907452668512511215381339235   0.541645749556777825326104001068
  42   0.137794761513088177586102772179   0.361123739162683196787328450270
  43   0.413542545512568638346758245290  -0.821712445820461652422144140754
  44   0.450720037945731678259912620892   0.691804166989549740151713863431
  45   0.915490396931782383338447874682  -0.035583828526977528987225149737
  46   0.097162531993894448106452251824   0.909141778738474949970224407936
  47  -0.249025583181851492970974874869  -0.877817170549797941658666026406
  48   0.740830055113907696811933559537  -0.015514503886241809483513945450
  49   0.365172352501091095549764925335   0.185903805869116627655915421037
  50   0.625015903303760350721218994208   0.657088778493352125421605171917
  51  -0.109975062297521375184417826814   0.688415910829450291115113168463
  52  -0.804720518232264014680381933980   0.409991058147429326349381309820
  53   0.282792609425871263955960776164  -0.518664985554641686389115881808
  54   0.173321539359556972506887931044   0.185876125465059132613654791930
  55  -0.798758453630608427290180240496  -0.409378322369612602829755285550
  56   0.087201470652487374864514533531   0.717440656873664035717816433954
  57  -0.093618927870564930126264691911   0.888913831703289042255846561654
  58   0.457861271466248409176749659983   0.362340155100751684731811930243
  59   0.279264476490381519952358829341   0.004006097671752786174063058835
  60  -0.215387438579972787835087594806  -0.681144125235481631315823039714
  61   0.461310714107069638077003963192  -0.403689117342236288189255794370
  62   0.464069611986112185592350075870  -0.632775905808912915452387340797
  63  -0.425323256367912388991296856583  -0.773420221733382599629914873177
  64   0.006781746634328201430498050047   0.508831665009963629757352797601
  65  -0.249843387264541347796247215495  -0.448826270905587587158497331262
  66   0.230420580476577197043102987083  -0.734041798029377282400782903088
  67   0.289816644493398040711532294893   0.824377364775583192611386833674
  68   0.857064745437967857944406611802   0.166621651579193663853683520464
  69  -0.081360466563910936833768814996  -0.264284808065861323155901316079
  70  -0.308519591081007783566295898582   0.191498887647743045350727713329
  71  -0.248596093078221055381421750115  -0.064204208588046801743364494349
  72  -0.582750680363028601281996048362  -0.301555740544950301595783207231
  73  -0.051210433918151030669510169729   0.260328452177123623966443674313
  74   0.592386222329026850038886946697   0.156540128897444721143650628141
  75   0.689901669244897260470829690845  -0.513961673884702979241127228989
  76  -0.323002211221394115831812282754   0.795354704523827224628253179719
  77  -0.556027216000249961342783198912   0.631299084758394679154949179110
  78   0.024574352414619477281404938464  -0.011801510994584576666768964216
  79  -0.016344675186058771904518825834  -0.847164341719294157279511046846
  80   0.272577949561895369011815497668   0.544798373557335301317832623006
  81  -0.615829379340824335043275134684  -0.584611740132915839568945472065
  82   0.810317677281226704110856877607  -0.247471664464123746043042969464
  83  -0.831129254079176888466257177551  -0.154381944514235630336863572981
  84  -0.828646827397826181812540683055   0.157805950238100862824093619904
  85  -0.563337965973306108909079810501   0.327217854401128773897538047340
  86   0.724014355615720331410207560717   0.423916946229327808748333959497
  87   0.516825217308170356659239367016  -0.133667617253657339848843399810
  88   0.020721734195409124025680803668  -0.538321601946755427446232137169
  89   0.212934075833283665835924946777  -0.263563983847875143059549946109
  90  -0.279869617061402485939322185099   0.488139253929445613992629782115
  91  -0.543432375221147488408086247433  -0.000000000000000000000000000000
