   1  -0.031288432725752684940108200493   0.957758587414764637886078199519
   2   0.557289823125605232309757148069   0.756148111287148754340430777025
   3  -0.611484414265259426538390692213   0.669898299929186065629970086062
   4   0.890438516027401528775197843014   0.107263288126755268615581797915
   5   0.514458025319544945909613303354  -0.701313525692060188096483554093
   6  -0.386578795972538056076380781127  -0.219075795332485882560396575198
   7  -0.565686507194127613422115188798  -0.593305992378146969798729477489
   8  -0.751963109596945091887639148401  -0.254976708284138640705557522186
   9   0.222994427553147726931125013439   0.733161217934779534865666345519
  10  -0.268053685974011142258131001872   0.689579002862711014809439153733
  11   0.611292972388478529805897845430   0.374277022397217774326313965701
  12  -0.644722003835878407062405894432   0.248692599051661038073026669316
  13   0.619062998084532953336049258607  -0.243625688408564826391492478228
  14   0.014613521871828730200458885867   0.132776015512296217590340586207
  15   0.000398958507292035944205755315  -0.613780143914981643782867904656
