   1  -0.700040098572602867699923680235   0.680923640338204993822680836244
   2   0.323330532622121038114803622657   0.931015467339551394524624887587
   3  -0.002727163454051867837354509742   0.979296762043921979231972053370
   4  -0.815119282495211562453984805633   0.549196407925793364288260063616
   5   0.301413907251054658031382596295   0.850394409762116760188861706402
   6   0.976002786539944181547443107447   0.055962782599948774040223727176
   7   0.520809292705515777333878115810  -0.836083063082131954208854540456
   8   0.921185620594851782478907222284   0.343544964136275902522567660762
   9   0.633304970552678786125337927335  -0.746959505024834228607253570684
  10  -0.795038461340638265468120107004   0.570800158855276701568219214020
  11  -0.153453015271859307775581362878   0.964312530068696582751911154608
  12   0.565464019688803348482975549528   0.789290451798056611906491963616
  13  -0.960003244896152173123456669211   0.152072956150430183774700322927
  14   0.247957891181328538739191828563  -0.938109636206426635512862187720
  15  -0.954994648798209851926553232011  -0.159791714971160128154040401167
  16   0.920724628640485419506327831990   0.293259231371271054940348857516
  17  -0.044255363145615231162532404047  -0.963343725401614117899357672038
  18  -0.295616855770955940975789726231  -0.913951374909375044600951298374
  19  -0.056134247428738247668612498740   0.841332278492873650716923854021
  20  -0.583838920413125660937203607077  -0.759654888240138381452752666283
  21   0.780733813124028176669307589481   0.551713255644758078595015598054
  22  -0.428714385474738245751070066486   0.852135510938227316641324186031
  23   0.781327720147406760723333464896  -0.543566810670405063199901845042
  24  -0.730214960829192183477154701637   0.607239414271798560125904038005
  25   0.359576366189148787200063348345   0.876745643950130659241298275440
  26   0.449374580147563888992244966224  -0.831909758796289364391564719789
  27  -0.781705212803427899413272765140  -0.528195393588221165682763524040
  28  -0.075263818865274955957335801226   0.938317433112506587135937424794
  29  -0.437861424206449221586686309564   0.127647171005751818847284698896
  30   0.247566401127213514212829911348   0.903849066628959265030795601731
  31   0.544725163116130570000863600943  -0.759989428347631284658850979456
  32  -0.904442042044829052255953030087   0.228866738835852821910205586269
  33  -0.683228291168575547947907822343  -0.442069328014204348041280710456
  34   0.928337788945699599523518967057  -0.027974941998341394010948396359
  35   0.461715415160648108355009726439   0.803445593887183470211332278815
  36   0.324000983058225992040196074342  -0.865939021983009265122643248823
  37   0.905719239629884086135187096614  -0.175012989158896567473025076164
  38  -0.886469170131998434436723895882  -0.247523613262703832932869435496
  39  -0.827663248977187904524396297589  -0.397764373755778021778801639005
  40   0.381934958776206126988850873841  -0.370645305482009697657585231515
  41   0.457159584471341420735220823435   0.212242412906561789562201164044
  42   0.568073642703618148496662064125   0.346194778345147115388116570644
  43   0.211462671680529142788562139555  -0.405059893268503143098767918792
  44   0.543751007296558325893488608986  -0.439883448602427856369844201502
  45  -0.109572050717203898823159140489  -0.692333842213034541540675419799
  46  -0.029506852893832537281596525760   0.175821918585698765897823074478
  47  -0.175628011112152888828038211727   0.304834294474728157718158951108
  48  -0.596163183580143336168545279274   0.158807650071326566780510788234
  49  -0.157142491038029800617277629439  -0.883462703025033269922630425482
  50   0.080589582935232981628198692306   0.889117383829756560422822928208
  51   0.644892653843572880899040474210   0.166914356930163420355516109739
  52   0.641659186090811035607130698925  -0.615597739839984484194044072840
  53  -0.639700242270354363414628085045  -0.617262046357453279171414599442
  54  -0.691935397014722216172967506337  -0.257942552132706456850397261217
  55  -0.014512589755927799395751439844   0.690725713369473901153034925230
  56   0.869610955611770707349432617144   0.151226188133817552136205437867
  57   0.527572311115778764452855001540  -0.228875689595927152357144733802
  58   0.470533080218695746852973741708   0.005237505562979550434780615112
  59   0.061453074715834619846544195726  -0.557291255732172221707728117474
  60   0.016744457732676929944294203470  -0.311989451684699010423629474640
  61   0.781243494027164056080141044549   0.379897959594743994203039810957
  62   0.357939963513732065423033306184   0.403900328883633219145958929156
  63  -0.183024912702961871392204905708  -0.478223108888260719728646165557
  64   0.000828602290903657958484823275  -0.052657995925550268692410950665
  65   0.723216123937044962817049845557  -0.063182822515148551917824154114
  66  -0.217179524188016592005422000835   0.538392787804243202479984741627
  67  -0.243728722350119283353948391007   0.074978226741740446301920048492
  68  -0.230294555457865460758034866921  -0.207570471090292804235327852916
  69  -0.240720424098843304920684655873   0.820279413095431856424178952287
  70   0.764817403510988607632879117101  -0.349402959645286955599253178680
  71  -0.421263265220830512289146543965   0.336520491642771116016506237319
  72   0.261351040340602538524445964665  -0.169319331036884433950369778671
  73  -0.495835901845019667076387896916  -0.078061912025576621654221436457
  74   0.095760938099022940858063020972  -0.833848633182719307454435532569
  75  -0.461125694562560340472937909318  -0.398608114259463636769048021625
  76   0.223375888677262427005468547124   0.138453721965153722726862523853
  77   0.262057819182547550629547658343   0.680118898724258206232872914582
  78   0.578395755455657952969002437373   0.597420940685906880922241908797
  79   0.062987406825903552490946475324   0.420860954327142132793496538665
  80  -0.733214978371639230112195375812   0.389347024346008018916576960388
  81   0.354412578535683155871054985865  -0.622680471895863074258691826798
  82  -0.374623267680638522770942118045  -0.715996240176158775091595822421
  83  -0.509672177744851436639555570358   0.647563973256784545974352355740
  84  -0.822608979241582656023837307449  -0.000000000000000000000000000000
