   1   0.060290906959161994857239746727   0.967187773462693153087274147710
   2   0.600250042744541161959702167023  -0.782308750593286561702644428957
   3  -0.749149609738724613944085931764   0.512608374680795740716593410634
   4   0.453763971869618802784440059454  -0.654248422549521617209320510432
   5  -0.912460812339061477041977652269  -0.356506689056239719151659218834
   6   0.779902807772624617838196184655   0.587554640255944181107707795937
   7   0.806241410344968553269179520608   0.543871504285453311571369215391
   8   0.800223478301267364577042375429  -0.530114996439664046128034794591
   9  -0.289439088311982536347745512498   0.919768943931425761122400917023
  10  -0.790879582916402443502710494699   0.541946291462279325669403228069
  11   0.917744806538908674449215798516  -0.269050709125175437107597030762
  12  -0.924514370914409871582736796052   0.227166064655232498015221229834
  13  -0.685175825703226601594515487946  -0.655899957369389610254284467341
  14   0.460886608211154741722905992219   0.295321015147812535227148301424
  15   0.927463375533222551845190845735   0.158035217248259199610224072727
  16  -0.902665263796060931615806491578  -0.252142251013943900525302065186
  17  -0.161096107533768724600441660595  -0.918857495693243119587339111697
  18   0.373872212098569902856933867064   0.849873897581411916980576721848
  19   0.055987352537270903383165931140  -0.407199381465213286889226682332
  20  -0.011265695660542956617456692616  -0.921455445156690296747133372883
  21  -0.300652134795337684087292452877  -0.866306063530828382191304156988
  22   0.323239916493478195621003396844   0.697440030845386027841782295295
  23   0.669643637831739888084450381571   0.615679769102162877115743445435
  24   0.060199397041086936365201525077   0.249696465222611188391841097704
  25   0.183900082910438203229417869668   0.101877119082556443935137738224
  26   0.454596939762086587413826651876  -0.774074459967117422194331629235
  27   0.512230483514057579558406388886   0.732775077207594646283628908210
  28  -0.131272491279535674052390258089   0.325186182469528288089652617701
  29  -0.382506736454864458007837344943   0.798390750435731462927104299862
  30   0.285363182906920492021425812670   0.294871949779574483928545109420
  31   0.792771209514127989949956695101  -0.376492339034348794587708071551
  32  -0.361824161436076270511227053004  -0.429348659766482271022428021383
  33   0.173674694155304017488540833282   0.853014454158847677623073334597
  34   0.186810279780513316454600962606  -0.846216548183392002650896948090
  35   0.433214489335233395038497007755   0.502690259919581194573843785841
  36  -0.780197446043187327158982307182   0.357406141728277292786532912623
  37  -0.129828446062356230501869881210  -0.289782372955013488082188157476
  38   0.618016123265372729946661463312  -0.583294189316802533458081859526
  39  -0.260735358650680670295584248458   0.559747461913589058774722206509
  40  -0.114078340826309272461701906947   0.834326683014252349305790395981
  41  -0.472164629947797885790309209320  -0.693679357220777326914899217135
  42   0.523032660753137899009007997329  -0.279977378299122576328199504849
  43  -0.580552769528807815027945813326   0.594962498316147802192248094554
  44  -0.420701872621756309783580511657  -0.137011180645765339028901679637
  45   0.455284196800814826955282271671   0.054601629545249657710279145978
  46  -0.112527103764348986022692962278   0.035431852838166906265001889044
  47   0.181506426213930720892120852248  -0.180681593837871137531046885588
  48   0.283296226906198862576176751736  -0.539273984994638805135967622494
  49   0.805395768076210601589820030648  -0.061422911510652559474687787031
  50   0.087855695638910985454742272703   0.538850916177092281711471516659
  51  -0.688631926541150404315565373701  -0.404794652920529513954662931715
  52   0.725781750224824799447885802465   0.326800053502096211734346043021
  53  -0.439043046206320044559094111079   0.245870365852668182383511083871
  54  -0.102492983451439751926252864695  -0.645798877929404674156133680547
  55  -0.784191851584830940467877724971  -0.000000000000000000000000000000
