   1  -0.068677748392202150223813815719  -0.532910862798543627305587774808
   2   0.965182735802353729861183398253  -0.097936446309568207650997520189
   3   0.368409757537682258347820378508  -0.532022976429479860001722130004
   4  -0.302386832584251249921665524794  -0.460372690883362293827831642333
   5  -0.522329135041036127319219001639   0.483872159939794795247832199389
   6   0.711441792439016853219427522998   0.531235028289081727222764851007
   7   0.083786676087624490547394474991  -0.171994835785355576632308303527
   8  -0.847960752956365882871661052058  -0.015856740977109282295979726767
   9  -0.610238188354552376336846448789  -0.204440435015350270211771454731
  10  -0.962501057000137899282355885599   0.157699493956067335597158548597
  11   0.219771494743230753567331029151  -0.583538263085058600695282357998
  12   0.016801832239618037535162954438   0.968887071495195624233436791016
  13   0.761064097907887651129110906596  -0.598312942446735097167855932492
  14  -0.585851245152930024717818337334   0.767640590549261224817861240069
  15   0.505437330525617374235759952967   0.819174220736823375395193084308
  16   0.573179802109322001072364310390  -0.771499029282954693028793736115
  17  -0.778398866639686189573233429355  -0.558950817423697135859997101505
  18   0.922801111365020657311249837506   0.246008268247206466147975587415
  19  -0.419807669580268128227049761853   0.053301916654054639775587715365
  20   0.761900382835260039311796073091   0.569791689420945446372334608679
  21  -0.280100731164488272499373744548   0.717222172387620237512647820026
  22  -0.352810665103008507139527949470  -0.648835331918096296994685661563
  23  -0.255138225567407088161854509193   0.308997358363596316742117986612
  24  -0.099121776279494767812848248095  -0.170432188797309481571851229397
  25   0.398591672573362852323857097490   0.447567628283849721975837925310
  26   0.297326341225346625735801450295  -0.502818065029272874798743121379
  27   0.013796008574005686757073566779  -0.221526313228199660223099647542
  28  -0.451351159063976437496170074564   0.163078794183666939254038097945
  29  -0.378318002082837036859047625275   0.280782509068494530318054489646
  30   0.161266954410868217318304090796  -0.499903925596907732323393502144
  31  -0.193794980999055140104658361222  -0.076081315308537595108971086796
  32  -0.076539764814645083087913251434   0.915706664319644473115485068083
  33  -0.917941151161233556960072410658   0.055072246701920355384656478709
  34   0.517478282117764169326208621949   0.367400652531772737486341882798
  35  -0.029065551599973503764491833773  -0.914126760351117610990565243143
  36   0.144441838847068605818820172535  -0.900616879290452367621471900792
  37  -0.788295027289694818611232585202   0.453356296633303989220170566350
  38  -0.659981343661132628861768871565  -0.621008187099218234646821571650
  39  -0.897389446749120757146120447381  -0.118828364190956113109504108468
  40  -0.249836177636924818227065265992   0.867284458195372495831330166607
  41  -0.368622495008710762043161134978  -0.083230229570319225088196749828
  42  -0.491937772822848079108710150658  -0.242850186310394303714824544609
  43   0.627553080275102005303990516243  -0.638827618694150791730648911337
  44   0.361604625010432150125238313666   0.816589932683612967270465126619
  45   0.864709935193015573212104103576  -0.213351800147007889212826841719
  46  -0.490168661710043190392034377126  -0.740711817795246678000110225998
  47  -0.437608779538760907930235771446   0.770109872075829480278546700514
  48   0.342387703930051754252435918552   0.005100493089380111848453984958
  49  -0.210453509983383873572884796994  -0.551338281329867028193717005128
  50  -0.844040184379306947006759817151   0.242755222310734705996643131775
  51  -0.013394166188111142155542585825  -0.409120818180937641388380623710
  52   0.133058582422508276942086232794   0.863437942051127050697151817118
  53   0.483368122903622942073577775583  -0.455418983041178972812645014150
  54  -0.254904134298857678816102363695   0.121238767195991838720021180173
  55  -0.621391155340115790958345929314   0.603669886117837423499839446414
  56   0.748727945350869465556056196534  -0.430982518057740611345216305965
  57   0.553059533628858824383124588151   0.149076312700019323716114301516
  58  -0.254598434072767451916655401277  -0.295082648278169268211426228489
  59  -0.464855484016051303352722153649  -0.486800613835612626402635393390
  60  -0.589911328241346591242935530909   0.325976747665752123091960967059
  61  -0.241247485054455244648745000024  -0.816879508221636771686445484952
  62  -0.080109541849065013732651961007   0.686487731935905017134740806897
  63   0.028696534415974918694595918546  -0.682946308206865156888962285077
  64   0.276338726118272003284168416347   0.269146186721886703062629424812
  65   0.758064491325229254591262646744   0.363261232797869284599554451010
  66   0.837800620258071450276970851844   0.055053652272294025143249653826
  67  -0.339802550236930164100890689584   0.510879422418946558825766368565
  68   0.218989881677833874225974626709   0.584763206916220865065094891609
  69   0.550994367152615109686273693028   0.617735889016644463049995817669
  70  -0.036918568337786149928060636162   0.367815818970344501164520389543
  71   0.247368917504631733940312011950  -0.268036351068272910205523112541
  72  -0.749648163991208684079027712001  -0.344523094939648656630550598487
  73   0.581964375718106002602782057733  -0.165523201362541281303637335429
  74   0.356981574849434054815266433465  -0.738401266685919290089600782109
  75   0.043319707707922815840255165468   0.024588485066768296280929555142
  76  -0.644438308144767133231927326563  -0.000000000000000000000000000000
