   1   0.369653949954000000000000000000  -0.033995828664000000000000000000
   2  -0.173719049125403305725179071984   0.202259303321962516950504674404
   3   0.950952265015292314406546145135   0.182216576391015659623758619880
   4  -0.360108341780215290033815303765  -0.887391993682797255496823364012
   5  -0.213421452599000000000000000000   0.922683518066000000000000000000
   6  -0.936272840742000000000000000000   0.019762363799000000000000000000
   7  -0.797110998416000000000000000000  -0.471122640384000000000000000000
   8   0.410300825752186513348470020953   0.818240293050590984051559065205
   9  -0.211656162299477833053781860325  -0.879665067725786250488141513357
  10   0.885730959568996143537618413303   0.061105145529264046670444347076
  11   0.838231938804753944822598056970   0.278319940125086317940469412181
  12   0.724576344568592379680518839771  -0.487038533931777146533895584086
  13  -0.623918390461000000000000000000   0.595383248412000000000000000000
  14   0.520551095486886805936380579486  -0.674314389252416788464905887859
  15  -0.369767165890978896120499736601   0.755698552941808268294742429742
  16   0.805759545363665831260891998568  -0.202165364522061404883161727901
  17   0.596469805924264967891828828823   0.077255683081672894395184410119
  18  -0.028513042883315869985289978206  -0.284914304376302979583432108462
  19  -0.775413212129218145922663738765  -0.192692243672428383883144326899
  20  -0.311509405610260995667615274931   0.390041404577820311613525211937
  21  -0.361168193629240373153745523602  -0.040850192337380264257097807513
  22  -0.729221788420500820240022515594   0.238584831878089797307527146833
  23   0.404964854913078021669905601886  -0.300095728606746969352102822140
  24   0.546357741604081923185289537287   0.508094799840139311200292957367
  25   0.110337984306509557511517848327  -0.719212228854507292144467762940
  26   0.062683159020905413689528406860   0.722227968793166450623829623502
  27   0.131141243401349686194389688289   0.163576211394168322918080176338
  28  -0.433925523168465580607468091651  -0.554095396788658511807334335451
