   1   0.537289450174327315059891799507  -0.594479477692513362113921800481
   2   0.307651948094142232309757148069   0.905635634152036754340430777025
   3  -0.016035089537799739937672032152  -0.496840648157623372722016638895
   4  -0.697622601956073639058529901853  -0.634647637495965694486141413438
   5  -0.202578046381757523360027922388   0.914869733575016820050361551459
   6  -0.718816188864397145726122865660   0.581278198891520097864667504064
   7   0.608142044414725693762673079327  -0.679424827973042665031278407029
   8  -0.062703010776062597108170233270  -0.898170008438400603087056841269
   9   0.829260564186148201126552741418   0.317323700574913927834600949006
  10   0.705145383313046541600018308363   0.518819876154734683881455354158
  11   0.860134968687897565579666095955   0.070134520594229979995972383843
  12  -0.743063281795359258119269738323  -0.413773050119982234234883573014
  13  -0.830223546938454579649577693494  -0.114475293913265217620420104383
  14  -0.305340554544088662462890146258   0.204402494451149538387690105040
  15   0.033185742284683542769473864242   0.812490164356807636571972090718
  16  -0.469407098663502392318907032272  -0.131316939145788405290438315499
  17   0.407259548618714602524300739664   0.674898633112719185317570396193
  18   0.049033661546026155583852997637   0.401764538253749686513961437642
  19  -0.715087111309045456352348720628   0.267108567440799484985317872262
  20   0.483291976579357551207084328274   0.213507099064115851558553846570
  21  -0.378244815770457538876002167448   0.634205484000632505978474410630
  22   0.243453180782070337812583560821  -0.683941729808906478339182481919
  23   0.648832885345864580703074404013  -0.296870192022765838747663078664
  24  -0.340809827708512248533897924722  -0.612654263809450096361403416961
  25   0.043359366815684756636715090723  -0.133791589535309747261235277326
