   1   0.128003001312476456830632497971  -0.010833194363084661362233823804
   2  -0.921917965315604350635857228582   0.338679709812887953864455497113
   3  -0.778317909266963547945041730059   0.603916661961522859655900391539
   4  -0.454007571535849247795201962953   0.758163401125663640380391089806
   5  -0.465057784209771108441696419330   0.773725305777960319072671019376
   6  -0.916007285554429901767717579657   0.053563180342025936238323358413
   7  -0.712914651051555849577304809883   0.675263689179603714912822477596
   8   0.585118362225888014286166654760  -0.574324850100159673993708299513
   9  -0.967020050943023384600878202178  -0.153214133417770223337776572350
  10  -0.003490627994651666031847600914   0.815659706785470440138040637586
  11   0.252806801608579123540306805940  -0.730662586191303120513579602553
  12   0.138882653284573059499649408485   0.018645184201254288291808515021
  13  -0.856980734734889561621483734392  -0.464623207445686326227064937263
  14  -0.218732442639104932663453606504  -0.950750380903069565641757766559
  15  -0.395142076894530875723962351826  -0.890127152058926405277748751813
  16   0.033884506702866453556276145428   0.970412819503678289921220922192
  17  -0.949835449831533472939432867427  -0.195267294623973504410954855552
  18   0.461495451596707951166620350550  -0.594892674139265951915404916220
  19   0.519344116508860964923075913269   0.813174005669379403731539940263
  20  -0.729745963613551442394402345328   0.631437625173868987246648533185
  21  -0.961919629532430569885337546494   0.061971237926167648297129849578
  22   0.313525821878121859874030425574  -0.909284837219071062587071111213
  23  -0.879521939644138425952620406466   0.384825717562972297858309378143
  24  -0.491417264305950706422441978903   0.823241868217211115479102972874
  25  -0.450105433696911470549383319133   0.192311177883638410547147554923
  26   0.073564319570394844119224541078  -0.674756381781843120493322821627
  27  -0.320759283756957206573410560806   0.317464204753744335593347831241
  28   0.923210827242159232469305844257  -0.231876995284121037014443233472
  29  -0.618527872483142537015251654078  -0.716756581881005172681066058013
  30  -0.359270338208068582924766956645   0.219749728301213064139373153447
  31   0.541827939189628850879514883544  -0.625487961518103227247439770059
  32   0.885075864519130060366322087671  -0.331083719341407722900617477316
  33  -0.213681298384230260120139236458  -0.504017850887286073223856197623
  34   0.372887429722315159350276365610  -0.567730787080273224606447779125
  35   0.600509036265899798006346884267  -0.722992956543153785910294802691
  36   0.930155696366646959239001777121  -0.122119493258366179768945705585
  37  -0.565181484771934985864972270976  -0.614930701307553866715354286836
  38   0.309320146440201297815305543866  -0.461583392266130028865868105524
  39  -0.695599982595484028526189422016  -0.621769656330230279146370067545
  40  -0.777096119338164986162270590087  -0.513200699365256768636055776514
  41  -0.030196149504147725229265319489  -0.724648084302118424190490989838
  42   0.175550642919468925919707646870  -0.429846660519535656717835603220
  43  -0.535457594345742841151641216842   0.453511380171499368189658816535
  44  -0.611149058257454819246606438349   0.309522433476479156552729740130
  45   0.765943980410818516318870351771   0.514445543648118764729410214721
  46   0.649152984103612574738460228766   0.410462135353925277112324055809
  47  -0.288899639248408200976865132551  -0.872657528399690313614372154767
  48   0.167370815674434900695675236909   0.117867798931830541924920670125
  49  -0.451648176032729223050866254399   0.319462724982388965260120861192
  50   0.060719904672357266029863781230   0.431110744989448024590314836241
  51  -0.573860017288694296630297922107   0.150591171647089329467693736514
  52   0.685208472208945095729939999522  -0.599801030070595096400489967541
  53  -0.113292376427688791214640099686   0.398676073248702432437248283285
  54  -0.622287256242186168335241615752  -0.465910203028839796759691521784
  55   0.611013326715386830997975319264   0.011910943098127185825780390737
  56   0.779712148190223514209628504734  -0.439613814989827574143965655375
  57  -0.089309595067385657731236065641   0.897619701341190985725847618523
  58   0.291741138291117214781277541960  -0.297557191548492007272539079120
  59   0.010874014482146765972045775536   0.250555236903296191796325975014
  60  -0.892615367396983438958279402469  -0.058737813903401129627377276690
  61   0.379139134437399759610025534654   0.810923841485534999456532474255
  62  -0.102191746351228552804071570012  -0.887596320546147796473776940211
  63   0.211118492272059867155001725111  -0.607909514128467251081671352006
  64  -0.197781219036290643164402791672   0.216152735267032139404847515707
  65   0.823463761386578431911221069824   0.332848103270267809043174346494
  66   0.629210229185487251869986055391   0.219038412479314625895531668582
  67   0.220226118630646625698694403215   0.308283066355736371440703970368
  68   0.224703236304235205394511809922  -0.091679496182556217462876049236
  69  -0.451329757842997205448705324145  -0.757114351134135307994985492209
  70   0.068330183959676951521643429468  -0.269954157173368816356938958295
  71  -0.218023843531680263666702336410  -0.682677707734832702235271702447
  72   0.449405334557977151033510027236   0.375582525560740637076534709618
  73   0.460291394509086157782970656432  -0.148284752800229215501207372228
  74  -0.735881301924177639214206827885   0.469389809973987535179059095567
  75  -0.660855540611618839422999500841  -0.048570640205293146496095497496
  76  -0.402037929063157656146193692161  -0.509624812078974722663090849961
  77   0.146186635577613941812276007060   0.855280571819550853765539361311
  78  -0.558884769597908327665316714525   0.661471175717489400344677649111
  79  -0.510575973893349632492397232584  -0.266392194551783654665841889902
  80   0.406528262424475225205793913661  -0.760717172884816719148931718183
  81  -0.018072053895701785193392286009  -0.514623236378720196243189524535
  82   0.141950626812004889595869108717  -0.847283323940781074157172741394
  83  -0.309060989031402652444043628439   0.799714110197079723112657593199
  84   0.394151768683547798300720780872   0.113269738435840907477744567050
  85  -0.322997230848723787341517459315   0.510435503134210982004409524359
  86   0.729817750768816018012092886233  -0.200658912335764771552320481133
  87   0.847415019873073080499714802001   0.072374452793076379441169219882
  88  -0.796208517143742044366355007811  -0.294078637302851123438946514822
  89   0.523461323860457521176304645718  -0.419402040704693029163405632575
  90   0.564300812556322900039959313034   0.629145245435845340360804356898
  91  -0.052623946542583645775348750846   0.645957731376723148068952094018
  92   0.254700670136634897037956023151   0.579323503937579492214795299136
  93  -0.817426622284254408099704327944   0.194248301649147756310751589080
  94  -0.213171012227984522066421216614  -0.285782838737332731749301316312
  95  -0.042968482128828089194112991582  -0.009177638743331239811774917680
  96  -0.371052750676227903328785011547  -0.000000000000000000000000000000
