   1   0.705054947558137843684912138859  -0.679549375383713069690364401092
   2  -0.039880383763262377232201857675  -0.985758246315519687947393502699
   3  -0.109731140694032300438187070507   0.952890327707292423506367342650
   4  -0.013650233379596323110007824239  -0.984551148961815786974060830075
   5  -0.484916542405467407823178259069  -0.475290385613856617513584118321
   6   0.634945623173587100097980250294  -0.399161818375572407481407163659
   7   0.826924343047093036426501883640   0.493348462666579453535404742592
   8  -0.808664941409559031198685573791  -0.530306081803574304546820808963
   9  -0.840836808716019690047609644672  -0.475421286805310812786585824810
  10   0.260072827505953264965550934523   0.926504545229128416298141197304
  11  -0.423454215037678050356513854296   0.859562062393106417720587865564
  12   0.466454544421132517756074421403  -0.833585343014579564021996615870
  13  -0.321021027161703879250375704004  -0.384016639451454673617909572186
  14   0.041397464340834754201735455784  -0.946048633847803435971111406884
  15  -0.740164076206211930893836088928   0.583490689560924971350574297218
  16  -0.265066249367537088098075812269  -0.651962707800462223495802243744
  17  -0.234263386550795161944721937744  -0.036439433189672061775306368620
  18   0.192330785305906240282188427111  -0.486030148569656413887645358745
  19   0.894851920254292321714615350189  -0.251140644660469986457360064231
  20   0.923086127007813275538297592908   0.062628122237560460474933063005
  21   0.836047269362864710587026746764  -0.387796795596112012606388854519
  22   0.912830382570953387044093578283  -0.099913017864541322464391545588
  23   0.776175760934223328930846447342  -0.003659412929564225787648308778
  24   0.585085053527637893984195499413   0.698089483844718110570395321989
  25   0.602137931997655662539969140652   0.035063743746479164873660849590
  26   0.709072253936100566639847799481   0.559814158537674898124731365494
  27   0.181894796247735624939844938136  -0.315809271403952014744466991015
  28  -0.374732629199365867483206424321  -0.530782757823253427233773759096
  29   0.470927912852431183985318824610   0.186775442266188525066509113245
  30   0.540725736368381022368217050884  -0.696384768935416188153095825688
  31  -0.269572454610681358788044363082  -0.224990740842968089231424124822
  32   0.701964150095938788249562835891  -0.531950463311007444835544148996
  33  -0.486507541460668734004236389068  -0.333689915160313966902695605223
  34   0.182203402811453965944745736545   0.572486423861605940160313164747
  35  -0.419796588282703752833004925395  -0.761490215765379178752058466589
  36  -0.414020986036796722261900809735   0.332777632567475817464427876793
  37  -0.242225861799513885220161764810   0.827855942864910120927283086153
  38  -0.858343697361615287027246609720   0.029509480138064232712890108085
  39   0.363706752217124182168442692393   0.773935130925339286772896621421
  40  -0.183934454131963315457263864674   0.169215521273051940105783855914
  41  -0.628123571546662517644787562507  -0.569270324921606933095954887093
  42   0.670239511530223755364585732996  -0.221333170981002785824321602943
  43  -0.136136397197197927637909935836  -0.829177253703840453859453887438
  44   0.058571166447922700992459028852   0.834511176077795357939640110421
  45   0.458927653417153024260227318751   0.474640634461568358972908783937
  46   0.425418764406008541842101308913  -0.437915677996532876759792915967
  47  -0.777974006465307006022572955558  -0.275818489571548083061488709829
  48  -0.001991542557665447293255688867  -0.102339183152149096845341605582
  49   0.358147690745805787514003518521  -0.091514262299120598688793057807
  50  -0.504545415945962912267354973393   0.639125633486086481852159465523
  51  -0.737149710255113129661576117896   0.337079463673122417633211543698
  52   0.758762291221030801908292791640   0.274379751297016949667942429830
  53  -0.135087074101530762622749599714   0.511188532983134485598899237177
  54  -0.075484001459995737322333148059  -0.474017102268992356013519823146
  55   0.163913382847802416941260899137   0.242406505580811096653269107725
  56   0.224910513428021256205424069783  -0.759384274229953237366617813393
  57  -0.506706769934262966348770513849  -0.000000000000000000000000000000
