   1   0.037328024457000000000000000000   0.951330403521000000000000000000
   2   0.250569408331000000000000000000   0.926942878591000000000000000000
   3   0.891034843089000000000000000000   0.312759120093000000000000000000
   4  -0.888972627141000000000000000000  -0.339266958273000000000000000000
   5   0.140879758213000000000000000000  -0.948870732792000000000000000000
   6  -0.608137765660780260951880721307  -0.732355214913469317077340018906
   7   0.653406798405000000000000000000   0.680465060621000000000000000000
   8  -0.477891511241000000000000000000   0.804431969358000000000000000000
   9   0.576356274545118576634428575498  -0.727588966798132269934649035357
  10   0.140358591929104366346382676075   0.909467076569017072117558137967
  11   0.398483834010086162900622168525   0.366831413143727030371332810256
  12  -0.235806510471000000000000000000  -0.872037818371000000000000000000
  13  -0.895957270816638586353480289877   0.024114072575796858074765306228
  14  -0.867502461939388597107303550532  -0.191221823614326595143823712723
  15  -0.017255334454000000000000000000  -0.879475615690000000000000000000
  16  -0.433959472261620332160642840283  -0.756670798683334460363886265267
  17   0.852664071910864628229805627125   0.141943611771351308604390220011
  18   0.845259888281929532494442369325  -0.137723281092504528112546577819
  19  -0.339000118306085860989161379138  -0.168980474018801057268939758967
  20  -0.641002210413799564096994086891  -0.042060236297030079760214386088
  21   0.254187178676985328464586757522  -0.348121097608768113911592932960
  22  -0.579206628540865173685982032184   0.586766009581572688367820116720
  23  -0.766758965414277590060838156096   0.280650266887687709613271102652
  24   0.688119764781485596061248815333   0.424574665933938737242421651924
  25   0.114510679088587540037982510649   0.324188515965880572912988585407
  26   0.005361508598797079066405172316  -0.067701048189347267096005785622
  27   0.289193434241588799960583101560  -0.729393494979983904998843499002
  28   0.634791260003056002820847273135  -0.438291501960281611191054857754
  29   0.353295130527925515895661906732   0.682678567280197509827758121696
  30  -0.620289452299957138193418507460  -0.440351257323406026807929606180
  31  -0.338418831057760444159800490278   0.229848333722127464381917911341
  32  -0.132158990103857608685980857105  -0.519765490064665086086069291221
  33   0.471796002060259617448869911439   0.023603977044898589131828472403
  34  -0.150524104716699378846379158296   0.713082240934344024032497614365
