   1   0.042713293200381302589215518721   0.949927384825014135827663213189
   2  -0.058194890929301196214852972461  -0.970596424614513572126807730897
   3   0.569223071556191212619083430591   0.781420319170226796305608666603
   4   0.760289004767375663704321719065  -0.002446613126791440989215535653
   5   0.052857066821229921860972936077   0.757370553160016740253644413454
   6   0.925256819285108164811303050829   0.306639227091734555154622723691
   7  -0.107759273227892520157493309050  -0.964156318417759775392001520105
   8   0.673810623061841705097615181949   0.488421875922077867069403618793
   9   0.291305637110289972911310859616   0.917230133795373872052492847780
  10  -0.712892060960596909431144815861   0.639492959509570044215753803361
  11   0.667543596165933949254600916209  -0.681665479259388201963530041005
  12  -0.443692741983736926379318267378   0.840325542888826469661745120834
  13  -0.016020935498671971733044316568   0.945988581328365136466529703873
  14  -0.909317912225865704247514339233  -0.245900691773158753409497670421
  15  -0.902840620241998968836622506321   0.253800176823716283381246971660
  16   0.746788805413822938572654865320   0.560433800999409980419179622239
  17   0.914585595010788627508198861094  -0.165092095198732433654983663287
  18   0.865583040518261058340807526793  -0.325449218356605311055903606814
  19   0.897801888059512838860088258649   0.206564726593456135369081010478
  20  -0.652790524991561206803879951046  -0.642819247918575367942368791672
  21  -0.502252304710823016074053410797  -0.761862406586687755165589816473
  22  -0.219351777335801723741305779114   0.277251119710514353343855609666
  23   0.248816083159523613066073018065  -0.868997438351009262975735547615
  24   0.613603164560937434958210105278   0.659134379722557756058477658603
  25  -0.118281955860780598537097148105   0.470499184448619615655404013438
  26   0.046761549991998532145152909310  -0.889728218485622561995909655380
  27   0.887956745377163820549574413434   0.016181788761665466369372304556
  28  -0.194478860101649194446377585459   0.055324225035404007334172741344
  29   0.139899861101895887528291384557   0.868621619244963887703704844404
  30   0.781404987325188684238555302440   0.372965644231977831718765847892
  31  -0.192781824186133502375267070294  -0.458035162840665169229155567635
  32  -0.535184753863794969508556181892   0.682590711740313766318979472519
  33   0.670422911883671704117228528470   0.136637276048054217862864666895
  34  -0.449825630323401056455883569662  -0.538617018561404410560728358053
  35  -0.366832182780431700994240055750   0.461781740641879397771848636418
  36   0.384401034128849289769347621260   0.755554691572124847361355128300
  37   0.694331327787065006697432029490  -0.484499053867981333183121328565
  38  -0.443236039083795117653101944664   0.169055322780450121486118749995
  39   0.120162883732302977626508209177   0.587501920318186660908591776206
  40   0.678233994994713455877738746554  -0.165795017122899179315845128873
  41   0.450765456654457752267269977039  -0.697029521829907003838488770769
  42  -0.727793440053653706467681594768  -0.390503926782507347992828438939
  43   0.389167738991307380033241079137  -0.352541799998324602480041865506
  44   0.377620406077860800511032825136   0.009759067696594334884517906056
  45  -0.229230899711718594447042318894  -0.780542616060066931556651734892
  46  -0.699774799061560078501816196487   0.404375596380816096221105996622
  47   0.101741965896644251346937897628  -0.591261550872379150271994667647
  48   0.067019510692443502470175367388   0.230886730356366922955405951774
  49  -0.201428781019412899632696291968   0.768097723287518381814315044740
  50  -0.400152441337243047799908832453  -0.194058836487279472985111793738
  51   0.442419105917187395246203545172   0.399700065136663584109004988912
  52   0.031816970741010673645206269496  -0.186979455543209268548816324282
  53  -0.780352646772682220292159169626   0.000000000000000000000000000000
