   1   0.940918326062887619325633925702   0.073038725392934362726482018712
   2   0.649187557701271738226571003561   0.655359544482539399231248039126
   3  -0.824987884100564847137998153080   0.369515038932747845139433436482
   4   0.540415536009587109006265399107  -0.677281112869004305319933044285
   5  -0.569783552783498889226901311852  -0.619249558618668170723595869309
   6  -0.036943836915802586648766114037   0.808957613421948644683518293928
   7   0.357885510838877790187787856724   0.690911678177983895122542352023
   8   0.668885170692908135370456037151   0.331220616559868274897366704445
   9  -0.442715539527823664881172522080   0.561070999026110101732674309467
  10   0.639953258730487705130944646018  -0.238643147801312887161546856247
  11   0.074979930726816528322036217718   0.178544976721696946183157137676
  12  -0.614127517620091955271130659391  -0.082179257337292675078466916787
  13  -0.000047584580778395261445261448  -0.587901640062475037918421356030
