   1   0.169741241332464215283961174608   0.949084042080447294621737693831
   2  -0.953537764894047156523917012165  -0.011735309715761197910970925555
   3   0.707677539377562475770157966979   0.608577256659547319222019116334
   4   0.907682579246573827841221164280  -0.093398036946039652342011829717
   5   0.473655680960075009359221810258  -0.753191267604613214156647773141
   6  -0.492807436935725417153456946171  -0.716920597677331381710964171511
   7  -0.116588065792958369374924203539  -0.125623189712139899572140984707
   8  -0.532475193340857578702366932982   0.633008225392470117354305287909
   9  -0.196485424116270496830133901589   0.781249843193630387934569616247
  10  -0.726043638119229288902880695162   0.295770838839864492973836597556
  11   0.233306260921161712199341187193   0.047009303128622117687776539877
  12   0.712108304057158175424434531839   0.204071811952166559466377747662
  13  -0.227071705464904221561703455985   0.293862452851396026754064258027
  14   0.604978838970930889446265132726  -0.347276852198313633622323004215
  15   0.292638426832435405400304184052   0.609337239705708659375333392031
  16  -0.603722874948936869275380835274  -0.252407692888273714552309408633
  17  -0.000792891884032726523548075986  -0.632760204849999018650375307421
