   1  -0.910669311746634781802052843000   0.376334573365788671447912730776
   2  -0.838798528700716198930080730120  -0.490055951979776437144176873635
   3   0.322358472688267481810071394009   0.896552742898733677259653324361
   4   0.942807273619868146547474332215  -0.014796322422363023791155929709
   5  -0.393093089287991201139173614835  -0.842394376125990749040793938533
   6   0.620233844493750307674744445817  -0.673699384991121875721425929488
   7  -0.414209072642250424202461176365   0.800662149761855954512739177460
   8  -0.886562884478404311426003802230  -0.043707104749672833890550398115
   9  -0.852108093417876378084368918881   0.192559690839665832366545067121
  10  -0.810945227988791123752008686338  -0.284944169498787001787903916227
  11   0.682286198355958368328703870625   0.499362912166222775441834792815
  12   0.435764692330894061891447899373   0.708119951898906966667203097185
  13   0.796818554709127065610012606664   0.182335980915946244908925759770
  14  -0.165933914468724464710170814720   0.232766493250736759346742641236
  15  -0.116186378017813026399958080525  -0.780726262284748887379439259061
  16   0.313275380096770683043436791100  -0.709083016055375078110468848086
  17  -0.520017134733202760804558298471  -0.039382868079569765701733174778
  18  -0.513775348689225786697423225758  -0.542518609431207643453309122514
  19  -0.567592145221503531449862246372   0.464046715375530682206049661569
  20   0.325182741993346409159926511527   0.249382114093288917947212332544
  21  -0.027707894368323964371824187307   0.704509293249496599742894683355
  22   0.631472658558976441371140635611  -0.280598611234791455173084841674
  23  -0.000211207077586919632339272470  -0.259767383945402766944613823872
