   1   0.117935391929000000000000000000   0.070593921955000000000000000000
   2   0.430755460704000000000000000000   0.846504152377000000000000000000
   3   0.531730889305000000000000000000  -0.739403335949000000000000000000
   4   0.308219927183000000000000000000   0.526922790824000000000000000000
   5   0.803298597801000000000000000000  -0.544266527902000000000000000000
   6  -0.880929446746000000000000000000  -0.401053874315000000000000000000
   7   0.570716474853000000000000000000  -0.775452568986000000000000000000
   8  -0.936564535639000000000000000000   0.199508126879000000000000000000
   9  -0.472348588323000000000000000000  -0.826583038226000000000000000000
  10  -0.793479972044030655876173971854   0.517059302775493073735190906937
  11  -0.474330451875000000000000000000   0.813575906687000000000000000000
  12  -0.012690307425092592026291699490   0.936410180029538060336502921255
  13   0.858650579702584647145647672199   0.360323142723071978465339276364
  14   0.492200484072736899186519339881   0.784233688130009897891419881984
  15  -0.527829801664000000000000000000   0.317730271667000000000000000000
  16  -0.024655730888000000000000000000   0.554076202711000000000000000000
  17   0.176831453051229512232004080425  -0.892690644539634055230130601641
  18  -0.007997739616238380371348822113  -0.904708899368719025134533342883
  19  -0.764640084430861992788893767673  -0.473645347017767231897299065003
  20   0.795462373241461761175845309889  -0.408365294186619385382897365893
  21   0.866237879782000000000000000000  -0.197618277860000000000000000000
  22  -0.585770972904784846755786141347  -0.350834747217329812403375889812
  23   0.343482169721879657778510203233  -0.507962124136857670257213106292
  24  -0.872002504626240185594565508208   0.041560126207481522547982426828
  25   0.242095822629059108025051471604  -0.008612379753409212977550386074
  26   0.466651086614385498931628246034   0.141108173205206333172073023067
  27   0.375140788545666812377444271684  -0.770660669147270871930528832144
  28  -0.820530723711323238331203733033  -0.228766515897014786618387063124
  29   0.608723838600627695703191479299  -0.588279181216592161986795690129
  30  -0.766437791274517620423343447352   0.307114289915133702557611067914
  31  -0.550510754118554885231526283119  -0.629084800170500684662115499794
  32   0.143980648190000000000000000000  -0.294830337571000000000000000000
  33  -0.250579723984724122562821705712  -0.786407202755352718462512392113
  34   0.073135502635714526285486585685  -0.641757887460166809994809248371
  35  -0.565665734785984168284298038966   0.586420936238330697111256272979
  36  -0.080579004397242592289777940770   0.000768352696391362636535373268
  37   0.797723934006256507038838504230   0.101826103602498105944547108355
  38  -0.217397597001052342284319604851   0.768756610753837574913583472220
  39  -0.244614853679762591887958424335   0.362183662232529788061981884048
  40   0.172119907021760502069223061019   0.328835837614092807135156791100
  41   0.202410064391571543805741841235   0.756415166094073614969780605800
  42   0.528325027357459119309904677363  -0.217867761337338202909645681638
  43  -0.243421678732676402468211377633  -0.384279958037497710404774813915
  44   0.587365444431073003242631740763   0.492354438719209277759463718513
  45  -0.509229180650721535260213780435  -0.000007646492191868076768847272
