   1  -0.554003465024382671938377116543   0.764917233451023885291906648822
   2  -0.321124023269011866639244622036   0.394437694422415241653970715470
   3   0.297337053388047558333058677794   0.300767210660178335241646253903
   4  -0.363198291850877608686210379048   0.631944319315130386753862741267
   5   0.960334036692133610941835080616  -0.053560712768411419095547834384
   6   0.847979105483063972803641774984  -0.437717214953851045070986391700
   7   0.375005469113671139936139110422  -0.870142438015297359725170360111
   8  -0.898664398329579974294060356771  -0.278287503482151818949005166685
   9  -0.632359272824083873705625845600  -0.687702042492982729683310848070
  10  -0.135340454938694379809184348842  -0.919081386587954125729887462909
  11  -0.862061984210848910835638253635   0.318298833496333727436646492100
  12   0.222255296816841050256478549142  -0.023437748639371205612819229361
  13   0.348951245177847535817153271110   0.834154804052714175597343335611
  14   0.516095546430041317585961399273   0.738809244868735056757105138999
  15  -0.160970202372918980658936940577   0.876585041179009686471593217476
  16   0.832314779164768203408059059160   0.307068256282080859896634425128
  17   0.876585073769438363082157848222   0.078568441791159830108179336307
  18  -0.379490424952554350900833625612   0.786254719809776562076129464859
  19   0.687225688010153927366725457559  -0.526939167010822066799142623509
  20   0.482480558594621563531585020117  -0.710626904212673526683732082006
  21  -0.053353655730969124299880715376  -0.433684718214730343409454594301
  22   0.098222137873379870477822656859   0.839104925107900132531682119562
  23   0.657386447147157149465199258242   0.519345978794962489545399523134
  24  -0.013485312605617428792766811969  -0.118813922363055631033704711414
  25   0.093297139578306632277330382927   0.209872301594820335299492383267
  26  -0.687117643471973773037879890581  -0.441294727072694725222030532116
  27   0.774050041663058294422188564796  -0.214334934773499243850515118549
  28  -0.352155061706496088906472090820  -0.260033211739412531040761791166
  29   0.290982752880781946202232393885   0.535411955734122102686751357077
  30  -0.289007365798565768968263817859   0.144137149755416942560400611784
  31  -0.132239956688799014738579792125   0.544791820263173873903780568417
  32   0.119775347593363043922628382508  -0.764984173272013669855066658081
  33  -0.335027060598155802690455773904  -0.690085233164213768203548912963
  34  -0.586576855712919507020895502936   0.483558514048968503742031361719
  35   0.512744189619734291994369660070   0.136330577878227760510820121655
  36   0.347668800631808309204817367304  -0.339378602784932651735023300280
  37  -0.739039175334374978862894797446  -0.000000000000000000000000000000
