   1   0.918929988485101708991023422923  -0.328134622209809037274105841906
   2  -0.210476858685078393320380620974  -0.950308975035763947843262091104
   3  -0.653509068396561313753813062983  -0.711132017165928796491664739204
   4   0.878516486121838278004957207995   0.391952656602862168402616619627
   5  -0.931307710848083624704662926587   0.212887236560939218562321234990
   6   0.323893041482540473074302848341  -0.631986032105421553756653844321
   7   0.503842359246181662350245015971  -0.828690472165564080898130669342
   8   0.288969227540539396899813921019   0.925016078812352658065573831967
   9  -0.836150588376668828978200905280   0.482293996328492828575353748117
  10   0.769778211249658182442385137660  -0.575700493743142552004094594512
  11   0.655618603240421801955757946014   0.698586310733844538231257997541
  12   0.137420132791911890744312274642  -0.943932790191768886375214534954
  13  -0.008818655376748711377190085506   0.950381063645935514382280304807
  14   0.330001215657145734700192737917   0.732022474757244963528491692138
  15  -0.272203596376769752472193985288  -0.902020669486235822441278576227
  16  -0.795238039002856926434105812361  -0.498033423119740191519169724103
  17  -0.899954702441822960231348893026  -0.254203122303380376418343183426
  18  -0.851023063476635962471312418446  -0.378390143017448186837430088725
  19   0.363572901878223725343451907812   0.853314039209774442589371630482
  20   0.396883717715608404183202993422  -0.385770349094692751438220977568
  21  -0.567506901304714666088557151949   0.723533747339816799271097552189
  22  -0.691882899415899500342739087804  -0.599651088290543164086114228710
  23  -0.421897202444091100651867272114   0.808867565595790670802774379792
  24   0.907349456847551493796561668367   0.045134725831822195024254930805
  25   0.216526506294804175548163033035   0.314734453310404890572190079570
  26   0.411945644599720273829903572367   0.304561550674755518779281871298
  27   0.301259781756005756451237768601   0.135435938275601536352893809039
  28   0.860941491636878406964660740930   0.237940291671595611285992727359
  29   0.782575889843266533025697018747  -0.422625656931622789206279474739
  30   0.502008487051169705613872058021   0.727789688134338811341723464865
  31  -0.817046213066635130593634370995   0.330826752874289615436499207227
  32  -0.312291235066819574119929498345  -0.366350440979062571543615590101
  33  -0.119519943849662996676405389023  -0.522198885963340388818861158157
  34  -0.259571779889049621135544053986   0.283910507968448386595936394802
  35  -0.677367278163294117351278945087   0.540218075878336785707189393198
  36   0.579546110299532328569533823701  -0.275112059147689315463965164375
  37   0.840323310593162288297423922145  -0.177635774918081194417875384404
  38   0.327926961083463830407398260645   0.533721231892370803607715366711
  39   0.277777075276800796872455664655  -0.804669859603389553541390052197
  40   0.141757963886378109474891385040   0.815542216372110920573436536071
  41  -0.545581705226168739209618083262   0.280780260222311828043793285384
  42  -0.174330797456790096877476543544   0.821531831986344955062798887310
  43  -0.050415742529911631589260447542  -0.240716615082166666141481769291
  44  -0.376575869282381623380388951780   0.557401523060837162848838220330
  45   0.177158026421483121217481834119  -0.500531532021961390616151780984
  46  -0.609076961098543354916848370964  -0.346212787321035648616719233329
  47  -0.049876843523268940673228231372  -0.819239485473738024069128606380
  48   0.284592598961938735025094845790  -0.150105093556963293909465300231
  49   0.545815512899280405322148651634  -0.602714013524628695238215760952
  50   0.008799613194995392532781256689   0.108978776510985506185093576353
  51   0.659718957833897635893467957875   0.462172834700779126889094818611
  52  -0.013744558474885536186250138712   0.501024168788849476285129558335
  53   0.601441652482471211146260662028   0.069263301847902332377849825395
  54  -0.412032217692598944623034810180  -0.678794197338328931867805044994
  55  -0.364890833120478598616917705344  -0.038754952337982723250655714433
  56  -0.786433132723077506882119439856  -0.000000000000000000000000000000
