   1  -0.425538815974757430399014420768  -0.860915701703122633505344320067
   2   0.056152884655949274837916444800   0.927156636082625149926902050392
   3  -0.729414263118615092492290685917   0.515664471457600947346737029042
   4   0.575719554180479126570145568746  -0.635779221112549966139468831538
   5  -0.600880320194283494593878489372  -0.563501076898164659949310100404
   6   0.657458695836201084250957413935   0.434344602723199218463319928704
   7   0.281612317480754295628278903112   0.698079728096773270148106135167
   8   0.054367354830001578433007970150   0.125655516235211497192238525462
   9  -0.280696989929568702705427435185   0.622411751269612431559123726771
  10   0.633759067522167452923641230504  -0.132843704967919185926091449555
  11  -0.612285377199163126614402680485   0.000331997088124421053794744517
  12  -0.001838014164270429884718431410  -0.577035764222123341133380752614
