   1   0.826727201735239026836280169253  -0.540605948286275748820089030169
   2   0.477520960570786093102423469830  -0.773613285501851467113557501276
   3  -0.058119671389166944530015603451   0.036408937724533489235695819220
   4  -0.059404591794008715918494732664   0.081671704604796443183275749942
   5  -0.040148630934968083706982875737   0.060459231770842341638955306901
   6  -0.367878639901458624188019694928   0.640032507350404163413075441408
   7   0.795744778992553626850723559569   0.571206997419230026319117058505
   8  -0.145233916342204412993088650541   0.677085465469952386877608789379
   9  -0.054525324902699826474206380508   0.377844511126262442216992091125
  10   0.416743489653382023980821153452   0.876895993575353173803340592972
  11   0.424610341273480734910326560420  -0.480445875049548027400722317712
  12   0.236057220357221510308335686443  -0.935929810271562540376432819559
  13  -0.024296540750121776720623252013  -0.962032357644296880852493864808
  14   0.504093422766075519495959837458  -0.816359283694075983212291890407
  15   0.756206544861614656179359991016  -0.585872292642159597537162845527
  16  -0.930971848112448904370586611665  -0.205689428853226046653329119828
  17   0.916399120476921641536976022691  -0.253664245443777413145127351523
  18   0.271899304925634682745903328335   0.588908080748629707443958934984
  19   0.012831182857312861981637520474  -0.263639232313052413441145139873
  20  -0.375550113463280850730454026910  -0.666443024718317912598549558551
  21  -0.086310442626252927415297906496  -0.576707982734611237083296899066
  22   0.566354761967912960342519429932   0.003962829256187922724310977982
  23   0.236800992040341256159103242082   0.723161545365794553041456648947
  24  -0.691280673516221819982974334665   0.623076673979888423354741961212
  25  -0.587665383280683451136113663089   0.718651896799560468992157405879
  26   0.313528171706573491036729084884   0.870745266089138841361073512491
  27   0.701968661823297396912667875305   0.597837936884117910775540484145
  28   0.333659039052350591697427544299  -0.579672660626015224056387879133
  29   0.512290218046484853781471928640  -0.397810146184521501380038657695
  30   0.580505189787798069896238201303   0.454317594082963318476402159510
  31  -0.444724338488611546317158014862  -0.795232296176800780823466522680
  32  -0.863855344262388206788406234202   0.280557959481418154220827143978
  33  -0.425911393125165778634323458825   0.252008584055176369415072122620
  34   0.872360831227447848134763967181   0.231439127342053920985424790547
  35  -0.249670918422632669915187090668   0.611620233605075003037827482876
  36  -0.516921367276555149811728428768   0.076403628482809631671800127801
  37  -0.028377568892621045446534194609  -0.420871827481005631149348483592
  38   0.101480092607322761870851649994  -0.885276122090971256658755148014
  39  -0.761824991642275423692298877506   0.456655691271455371557994050388
  40   0.778482845783012894742771097790   0.421654298319483256443183402577
  41  -0.637701541043052634991454990814   0.263833162948220384539530353135
  42  -0.405808901290482432010824970230   0.780402860694937803799978357979
  43   0.115747740057301950000381925710   0.869066971348252901554588303813
  44  -0.165712615800801986828387997250  -0.233657674671199304073867261790
  45   0.537887406107439552093002063353  -0.187240273257622638716784311072
  46   0.332772943072534498261808557494  -0.800699657818279029210148642553
  47   0.041311134887556367736794826712  -0.074907679738727110788896017201
  48  -0.795783016393582310182609351303  -0.332382440102129458756661696884
  49  -0.220360362986960559906801010687   0.366018045599546649261281816186
  50  -0.149748300916431878777897510334   0.843486027573166765227322133372
  51   0.112965458807081204778144169099  -0.630417510997353325861193358326
  52  -0.274984790252279085879286813712  -0.486214796946581386147424086413
  53   0.605157243283702819003325617737   0.217679849314923460300456635131
  54   0.563212620592748515619218738685  -0.630215083544692928876525847373
  55   0.752329061432708995786064735766  -0.378870879534713770543576856304
  56   0.045372777499238270186437193137   0.220567334029184983815731881233
  57  -0.490828874200382186360082528076   0.504474227978426535837778472171
  58   0.331044873660286505283234876124   0.379237596008981991073218374920
  59   0.470780556525220004406343015812   0.684633312479913580800608207588
  60  -0.242622599619405004493539203458   0.054365157956361973823640379946
  61   0.330547630874217528362505446670   0.035803642094837664206723150316
  62  -0.590772647799281639839263731888  -0.571951522314643765136054990349
  63  -0.175324862737377645261714164552  -0.800434993101506714093806308959
  64   0.815378072036244391321919680024  -0.043636443647814280101978066527
  65   0.034711257436432990080575414113   0.570280785756357548517698456351
  66   0.250328307614083580222378997753  -0.323432275853642886826603609555
  67  -0.484905578090533713871929508939  -0.217345744105130457745552246919
  68  -0.805078934035512142876755223054  -0.000000000000000000000000000000
