   1   0.410199779116000000000000000000   0.861552881813000000000000000000
   2   0.958020671107000000000000000000   0.040871537708000000000000000000
   3   0.926980091839000000000000000000  -0.242064836941000000000000000000
   4  -0.456465693961000000000000000000  -0.846927160561000000000000000000
   5   0.040157634044000000000000000000  -0.960474478205000000000000000000
   6  -0.918611117341000000000000000000   0.265242794643000000000000000000
   7  -0.946923793412000000000000000000  -0.098358838926000000000000000000
   8   0.871942657034290402498574635675   0.366264651425014644259430436995
   9  -0.762738967214044893113157654666  -0.547614122248171964328404520207
  10  -0.644490652789100803696186815998   0.673330506068554254763054711567
  11  -0.123707141308000000000000000000   0.916496600501000000000000000000
  12   0.489326787205534942814775517637   0.777443039138375253174057309086
  13   0.168075341422990136060056153064   0.010167695679462579093736717282
  14   0.689644498666375517700523841488  -0.586075686250072152041324170436
  15   0.540986936160000000000000000000  -0.716753558912000000000000000000
  16  -0.315786873217153371789922565556  -0.833686645794249594484101708479
  17  -0.096705306440786918539169692711  -0.879407142286847598651757863810
  18   0.873282387767837554518948039483  -0.090181828891346892336573275273
  19  -0.349590579415000000000000000000   0.316105363000000000000000000000
  20  -0.085492134272210809645745977136   0.409379680004407471997448614639
  21   0.839977790058704106382761792652   0.172205598347956839803865122983
  22  -0.847264553435238495508934504477   0.077470976194601084452249178085
  23   0.768967041508918133081545306829  -0.347929093625353479344694371179
  24   0.468345363113346987471870440785  -0.453884760615903784106719739658
  25  -0.160253155378966521907838226755  -0.601748199172217594830960109024
  26  -0.507561303177201913861921723415   0.051551159788018851808653878208
  27   0.206886225080341239770638229215   0.282435235970442211219381287548
  28  -0.521839844502097411018397034347  -0.617848974169049560021318571413
  29  -0.320901315463886799378084550391  -0.272643833060449454621028071609
  30  -0.117237195189650279880529861873   0.071775765168025243550382540787
  31  -0.682709228547982433674553233563   0.397029638210439679845127725571
  32  -0.734591615104708524418788001949  -0.270986085866800513023864317329
  33   0.214972191641129707522727408363  -0.745835852726178815952096312260
  34   0.105314882148082162139964917809  -0.302453109043804909867565913695
  35  -0.338641041573236245912076807403   0.683325760284735015106091710733
  36   0.591557926475666855002660404825   0.468382868886492728395715563957
  37   0.504630494456599744665199644378  -0.033378609557416813033919878904
  38   0.155027969755388545248866028216   0.720623563102979943679813500327
