   1   0.425061866213988621940653472833  -0.611258622109601234533663576140
   2   0.753987135846058584146618939390  -0.319744354465754707338099823319
   3  -0.496774345640026228826900932046   0.749507392296306636088820354509
   4  -0.309506781993438546559415375920  -0.932120970161728436752784946662
   5  -0.095270327390790920561635876432  -0.976266153969013096642577125091
   6   0.753561125801025075942984090257   0.193244250171308112182551535400
   7  -0.489804479044748728267273817002   0.850130411227737288695223400425
   8   0.491364521190327093572620617982   0.630595134804675784797084000671
   9   0.435725498557056084193701342398   0.877127828480559227191184139163
  10   0.670450149677287628198416571234   0.717819173634169807663836061913
  11   0.621914363747279853172146190208   0.191457827442097345172942252139
  12   0.281599326046643433724560302117  -0.080782432986910705688616886666
  13  -0.773036993048723575522620824165   0.595728789991135866756542088596
  14   0.967396884947484189606167462155   0.123536816686788495073567351535
  15   0.817348764224937378406492682865  -0.528765171742788859904245867056
  16   0.969123080793570736365468173695  -0.071169743026123385146372709013
  17   0.907948712584686056370822882434  -0.341435336900759613598581634571
  18   0.128805096916714317732524358862   0.583529928111562968133006421801
  19   0.075129596113365899954695138964   0.963582814091296569462000775962
  20   0.263498866952030304571458996909   0.481864011683214606223204942975
  21   0.619909296500973177909912568839   0.737010138987695031678505922310
  22   0.329479315791195910158398037253   0.786634460817366640156858688204
  23  -0.218492943698034799208216465350   0.934670954669977680225366230828
  24  -0.037087829158968008518942570395  -0.957427936092440717311316859897
  25  -0.529273924534805586678643363509   0.796084756723667484229837084912
  26  -0.362065630882142362599807712654  -0.883334985657730855917199336326
  27  -0.764152913472185243363247467788  -0.081351214638390785862982978647
  28   0.438679644140322585254527549333   0.596451944575427296866274870133
  29   0.063802695084618511511163771935  -0.098768403242079793653017842877
  30   0.184242051540134084146456104393  -0.389133512514733520822985259139
  31   0.362958835852076235309103434122   0.873533451098302987077987804486
  32  -0.496835621498405275089916680710   0.415923189489322986808107391143
  33   0.292980377680833669817560686458  -0.373427513299994939185408304349
  34   0.644914573347383630650567198524  -0.132946131614370908689622933782
  35  -0.894157111986561949527764148507  -0.286591035495048081530586147951
  36   0.405533095372799487218655810347  -0.415986341746603285944492808414
  37   0.164296777644243961383420316869   0.488184688489774123150028023117
  38  -0.838715615389250286521841679276  -0.410080054970418361939751385981
  39   0.068524239070077451082022318263   0.396566716363542833883852267502
  40   0.384661689221546234367868707164  -0.285102361188505445336067132290
  41   0.036224096163205262071560699020   0.534637355233121486563478292751
  42  -0.649823912618508164318431958098  -0.043049914916146826817482207402
  43  -0.786120044003869947563979109294   0.486931603911523523786177533402
  44  -0.853940361555995709508264561338   0.351011463845177815082761502041
  45   0.492170087669557702537828255412  -0.527555338186454172346384085988
  46   0.832729206889105657121394913975   0.388612697428425895479875162190
  47  -0.004256509052341050099445057756  -0.213926382938577785087742050318
  48   0.915533827107825467183867494100   0.026739525452561484432349708276
  49  -0.355454180774819416333918464540   0.111057697820770398633696599161
  50   0.073408682376022357603039504598   0.690763350224640134663408148484
  51   0.811145437161321982578273470753  -0.413833963209746575259654563121
  52   0.338724901731261285288421344296  -0.843873000095491284056857268076
  53  -0.428583399229502306272817864124   0.284077678524479138560810396082
  54  -0.896247859838623337819396139931  -0.131396539547635259389591581584
  55   0.688994564359115004451828850086   0.285008456187508997399235846947
  56  -0.094376841315970927043582514303   0.426740802080334767356911390593
  57   0.394587831977081631464038893948   0.452756869648768417252221289303
  58  -0.001408791627906571178932597619  -0.644053534816924438154706442062
  59   0.872523904377304014728360492954   0.208581999604857243484719167523
  60  -0.010421432999460839513182609802   0.242690580415936642031989634410
  61   0.229610965341139166450644643326   0.329757150610585407277423043725
  62  -0.116399054684929497420713874976   0.631341191930446168563526914648
  63   0.474316211976121133646985009785   0.753233921215513864688340809908
  64  -0.225978217179798373625043522679   0.259937555624596566318337995029
  65   0.679283176382960715069439904387  -0.569837229048742828703049226862
  66  -0.555947779692520039736096289672   0.120232057756315024008709289741
  67   0.507339447579941833006531857014  -0.722892805698823593447100436147
  68   0.190802690785705720043879491894   0.860514027581009838754912615821
  69   0.274375377867031129558955142270   0.636691025828900119732318583418
  70  -0.655707631668863594426517444593   0.335918196644624264597415106703
  71   0.010729188203618523359575997197  -0.419415982491150526264771921817
  72   0.203421808979769425018367548515  -0.212291064555429196476676966005
  73  -0.689697741478834518131289501767  -0.533659222387892494419537610790
  74  -0.203604496630534102136478049286  -0.285239789620014541174049824419
  75  -0.211784642630608810481300988996  -0.546387846385062205853879575899
  76  -0.060274428887904370340097867360   0.865365761011396900678696154178
  77   0.691937970236220016167341014334   0.054830282200014090507286713360
  78  -0.319556670867680907373872401240   0.489211933004473436668392579365
  79   0.110548567828986046590940847797  -0.855114378657647728470099950886
  80  -0.443163368985968130034937436083  -0.406638786942080934413489698425
  81   0.838519037704879619901932715789  -0.185269916191753921207520230691
  82   0.592956031526842270622491073017  -0.328453943765673626753210398600
  83   0.447687967339694163826255541413  -0.080068983233580770371941376896
  84  -0.688408046747031512832479640918  -0.259491318502582142187749351037
  85   0.455769379621894157019742497299   0.212797528623396150530542850678
  86  -0.175714454541109123449982223849  -0.824831838872651387674721775020
  87  -0.427077655729420351511521916416  -0.115055401036004174867032582006
  88  -0.332734759965625048385332416271   0.778401990237010942326515640959
  89  -0.588701409900528109718468178459   0.605890415871129105466703991950
  90   0.185773541080791821542988628304   0.069671656816496005525868094082
  91  -0.460060225320823753831907432430  -0.704369446349045976864740888481
  92  -0.831661775604550599381363623189   0.114887481957376446339298126762
  93   0.641644598251497271358123302625   0.538727620581215508367756590000
  94   0.258547702619086696352908320490  -0.592211959371483172162468891087
  95  -0.129447467136543438907599705434  -0.000000000000000000000000000000
