   1  -0.863167101032675643760155246964   0.406124264223147234673329031357
   2   0.566009599820516896486718301368   0.705869072647217425945439005905
   3  -0.635216790123436384224196479290  -0.582420752358986034159950988841
   4   0.640421565501216011345987215745  -0.505824135441055330486264742191
   5  -0.059106028811409749255638216594   0.152679778689685196339076144520
   6  -0.442545591489166762391763957424   0.577132999908372953300434562165
   7   0.141487900344812247234728091485   0.666979020425740661771976023844
   8  -0.635696369706392742371196197238  -0.029203828101066288466173149285
   9   0.584039910169077433268143046256   0.089861997886583431239956318645
  10  -0.000958871789826942158032225900  -0.545457690476027373522753929637
