   1  -0.552159455242979821988424744010  -0.806749567701560904965587330156
   2  -0.810761723421072239304350694400  -0.112152659959205915347190123125
   3  -0.735730103526862019201571973371  -0.381149320421542146477127885872
   4   0.524290391216699805635373003988  -0.748889026958833179587575794425
   5   0.054630199235841596255467223054  -0.860250972205506379603054058189
   6  -0.943301520467946636732852429869   0.055480603149506673190003228509
   7  -0.983451010015624845555151351525   0.038717071116099238161357688698
   8   0.227108898042671039722740491548  -0.955962213427625973985192820373
   9   0.970970305966290985554894864340  -0.105530625577932732826242544860
  10  -0.757457546549772244781073573247  -0.603357344440956198573662044075
  11  -0.973154765257175719598815180078   0.076208045573359970618739419487
  12   0.265205689911014593560243074801  -0.936577133001182170309388316004
  13  -0.877035553926489272024588222656  -0.417403052433260591982823692732
  14  -0.956263088958132405620733253179  -0.161244218381152894095114201566
  15   0.913226620676028915910643383294  -0.313961265862027717372150013208
  16   0.104930614193962508769683381844   0.959721906111796531850280803882
  17   0.748463267524444669814516761363  -0.606452343406502682775702888601
  18   0.551260748507147214266311687352  -0.787788664517099453219755436275
  19  -0.213435568440018599940610265731   0.935267687498835641382150453107
  20  -0.782686803459868180644553834403   0.551157887658053612275828119289
  21  -0.510458117208684566334778507688   0.807292190902928744354278272534
  22  -0.647633446437850461893010386658  -0.221606511341907053079588700859
  23   0.027177904463379746498000560406  -0.006860490689436479035639113610
  24   0.705813016693731759813875363831  -0.183843753461417409481875875502
  25  -0.356350431067358716701619349802   0.230607863592327629647288553108
  26  -0.335173729343413561034756725862   0.601284311913932661017991520979
  27  -0.168032340968966239330225332065  -0.927198703266607712051900186310
  28   0.672465240698265439673785073130   0.656235398912893094087042908651
  29   0.937183679770560268181865110305  -0.029291789387719216383666563202
  30   0.313492695191429856797895664097  -0.327953258404056119980044740413
  31  -0.221992884483402141864738751622  -0.207701173528844426081445389792
  32   0.316414348970408522247527256833  -0.005480992840706791457955112239
  33   0.405948324312868699322203730907   0.836170038667924232888766815744
  34   0.921128141391166061463728228450   0.104334127815359456029749548389
  35   0.759905972511921440523456278909   0.527818884314464578785708510327
  36  -0.444820965441564360965954648698  -0.808848319988735128690591969202
  37  -0.224076376283478044877413188850   0.223775841575921518605944457944
  38   0.141391246471791616452587271453  -0.907876678152404149817465595472
  39  -0.295198243423508773036140810626  -0.866230091911535496243169707121
  40  -0.025535943975066709292730734717  -0.913657920799433689276827330390
  41  -0.513634624284163478722504433214  -0.208126256235023130688895830896
  42  -0.772686883889333057143612103225  -0.481203241474084294411467515213
  43  -0.142832249481743076901892661751  -0.779791773218864331565016864160
  44  -0.904813233827860535223161401326  -0.046415230158852003584548820817
  45   0.533851520225275585715817605493   0.729367875712334818199164611477
  46   0.882871231713910683496408579778  -0.183455830029079034911717713542
  47  -0.090825399471466332009522542909  -0.101941317059274118874257335335
  48  -0.615233191791970672107288291074  -0.370863724164884971766123863982
  49  -0.085566233873812867582773848156   0.103075692197832648194526367568
  50  -0.797431860731572366662591103279   0.402345864228577369050515838665
  51  -0.319523923803634487163277627135  -0.671575715888398833417786324371
  52   0.607296939488823594063360299519  -0.649119415987661727699243612990
  53   0.056805394805668566901952103859  -0.732840256512475681085590692583
  54   0.221209756951540247654319606456   0.856536143081599119406309101631
  55   0.333295785505756377301814708792   0.652062418010967313569077828044
  56  -0.154827992429701214787231866178   0.603520299190046429360487253953
  57  -0.073872233737802953211864752877  -0.323468386920087565709126539801
  58  -0.111883203851337796861815662243  -0.566184109368794907101331220558
  59   0.090790529617807511383846652146   0.608744990565376243113844027766
  60   0.444154301217515540637144545866  -0.468999417323049955240636353824
  61  -0.851106965728202049741626668770   0.171371628000288206594813784975
  62  -0.319680145163291316012349641637   0.412812162694787759487024275885
  63  -0.825214994354244973682176065194  -0.260692233794922198209784755154
  64   0.737802086969270765605450189246   0.001412951768101089968931235159
  65  -0.327067702515584789323507156732   0.796267608873137842641926152585
  66   0.158414155763038233036616977043   0.131873699861910661935895950105
  67  -0.668026348244645077953699368424  -0.031739593320212759551606441723
  68   0.262382359829108696521305007160   0.398589892708737309219232410347
  69   0.541710580406377095607494971854   0.485956928155936390148173616021
  70  -0.043593267888835592224647786039   0.849341255271897833470500181572
  71  -0.576702737001415166684942889400  -0.622146117685744559134191573310
  72  -0.033964169892534594091242478511   0.358235531774354007153433336681
  73   0.155182776490492025707952799465  -0.482288504824984923066666434791
  74   0.159009983715272831970157346618  -0.168276258292940548474182573242
  75   0.786506587313927207810627084965   0.294336699700156164812231873600
  76  -0.570404554636895599685208018965   0.257732960972244784893293236093
  77  -0.349769379650740943340138080263  -0.399807628863695421777213532405
  78   0.730873241870525288797377246496  -0.400409787030966886312380525230
  79   0.485848605204082598971685784353  -0.171378996180657884030199012386
  80   0.479946227655128369662278946243   0.169176266766546227294632960744
  81   0.342688994200499658435864021173  -0.752613501580209175434916939282
  82  -0.569295473463522012410742382718   0.595265967919912922060791516952
  83  -0.349157646630684030399305115120  -0.000000000000000000000000000000
