   1  -0.608074552657606629115326085502   0.740340890503421276907813054120
   2  -0.863665727444968684315373267423  -0.361052632086212621776421019340
   3   0.569355492756259367077167239766   0.746787227948853677101695236584
   4  -0.907741783140140588748056640340   0.180072963985582094684377182673
   5  -0.419217464711849084989770060150  -0.803940840904476480356028233973
   6   0.888732851033190432575200280541   0.011208633697248615024458851257
   7   0.472641432522481023088074255932  -0.731542659035332026225048514680
   8  -0.027536788682352891523182736351   0.852063325266128697984512509275
   9  -0.357803513143889509895025658224   0.752183695126733129175944683929
  10   0.291769761260195837325988699648   0.761663450847392109021222787466
  11   0.167427027346312103521650767605  -0.044775128329919319314158685399
  12  -0.773740369734789754772693312327  -0.088297774678196457932943464461
  13  -0.570892180438447917650989258440  -0.502172691116844713618309111240
  14  -0.292993607694898488530491291173  -0.086841871337676194598502184075
  15  -0.613715025224558655482216139307   0.383063776479128475626685041570
  16  -0.042812317404990265631034039319   0.409851600448155420187473523695
  17   0.611833752182650269762910625371  -0.311530695524928784037130040612
  18   0.579289759696165528761523911706   0.332924860657597067912764916982
  19   0.000330283579719114095960953819  -0.649706826871935312792363778270
