   1  -0.072262732052000000000000000000   0.027649369438000000000000000000
   2   0.693148684426000000000000000000  -0.702206118418000000000000000000
   3   0.633903494580000000000000000000  -0.233343867327000000000000000000
   4  -0.600250576075000000000000000000  -0.766257694104000000000000000000
   5  -0.869686882924000000000000000000  -0.422898211501000000000000000000
   6   0.803287216891000000000000000000   0.526078745002000000000000000000
   7   0.083846329917000000000000000000   0.950177569376000000000000000000
   8   0.552407758326000000000000000000   0.769782084589000000000000000000
   9  -0.901016202781548218466669620672   0.272222974257830040103572567981
  10   0.019372301056000000000000000000  -0.934487287105000000000000000000
  11  -0.494906274521000000000000000000  -0.785020901863000000000000000000
  12  -0.867263449023000000000000000000  -0.311372197937000000000000000000
  13   0.910040333852450769266061344241  -0.096509817798476022375593777432
  14  -0.246091707616529383258534430596  -0.430641684863513292223448375621
  15   0.897993212110104028882191012670   0.085860638054999753206104387457
  16   0.712718597271078329112391722610  -0.542271718909689213469171672411
  17  -0.302251378230000000000000000000   0.835923926637000000000000000000
  18   0.548355494277907015341609389257  -0.691464876487837040559128766516
  19  -0.069903826635000000000000000000   0.873024688235000000000000000000
  20   0.114353144069000000000000000000   0.355873291323000000000000000000
  21  -0.116847663364422976198479423396   0.217803107252243270295262138706
  22   0.623753467743000000000000000000   0.586537774630000000000000000000
  23   0.794690797769147611428018512740  -0.301237768837330305162313617393
  24  -0.736340980114400831323517290789   0.411129309301690003162866817440
  25   0.774823670583643525428190372037   0.316079946497874637758424212885
  26  -0.515171101219835356903999749672   0.651133710720974252452961410179
  27  -0.423198636714084949952719298010   0.286949529478023188942040614938
  28   0.428962196158833499020110886597   0.324062522784836706922886880103
  29   0.033835933059753439849301342285  -0.410113717671456635248322649939
  30   0.613870007659948177973075914811  -0.006300957164447509247488888014
  31  -0.155743627775541243571454508928   0.554993290073026697866399595387
  32   0.228702283223380001145425067001  -0.757343952782178770688220907564
  33   0.437233006011985190840236922519  -0.377660228585829811300864334806
  34  -0.202066428543482673180532742439  -0.751370889606724743212325590249
  35  -0.274369682480362912254679431356  -0.112050312823334200927584834006
  36   0.177616655057526127701752911030  -0.009621285294400714661771711046
  37   0.259099298759095808804496439975   0.712858615176631717999199660536
  38  -0.582542802445589676480757457414  -0.475483364431868090498671457515
  39  -0.745430382929833004468456030430   0.000001930526861650209912026447
