   1   0.046330611084000000000000000000  -0.139450077395000000000000000000
   2  -0.801281540310000000000000000000  -0.265802059857000000000000000000
   3  -0.464664015295000000000000000000   0.594778075385000000000000000000
   4  -0.902711138394000000000000000000   0.375388897542000000000000000000
   5  -0.949925852677000000000000000000  -0.206281897743000000000000000000
   6  -0.944941916361000000000000000000   0.205442459548000000000000000000
   7   0.457250011023000000000000000000  -0.845507914731000000000000000000
   8  -0.650132371682000000000000000000   0.701018114984000000000000000000
   9  -0.629525089332259015894378088384  -0.712488502186956120780199811630
  10   0.151689345395919922018130980212   0.933037111408935356383052986736
  11   0.780378945811605367692245638102  -0.523646436886013662877328806772
  12  -0.888799396477000000000000000000   0.286922132132000000000000000000
  13  -0.883994845987861434174631835828  -0.285234735871384161099864308121
  14   0.065415881174921665529861087147   0.638561008922590370302050999499
  15   0.724024954209000000000000000000   0.563623978565000000000000000000
  16   0.895003167571757571737917009530   0.177628077514618088369881371883
  17   0.591326581628000000000000000000   0.687338692729000000000000000000
  18   0.901478928266775136162197622419  -0.008282659882607070995262582281
  19   0.091511548915195085748974155019  -0.891360493852519457558700419534
  20  -0.286265266725911189577588560657   0.843311919436002618228346470790
  21   0.302140692768017440454676419300  -0.831936638674656840512381780718
  22  -0.487428603457223323530216019142   0.732233274247355160945731668678
  23   0.794032993741433871708270442998   0.365606794807509638231202239531
  24  -0.450809403343886032537488478647  -0.738175141183354869298579327705
  25   0.320656260582549017102680480769   0.174275444581428732808685784375
  26  -0.043350882267233523360725700179  -0.270574481750611211553412738872
  27  -0.029118544356769902501374682148   0.841991094279296995417476432851
  28  -0.402485872429000000000000000000   0.170587899728000000000000000000
  29   0.165106653144209855630059555484   0.425461573312191859686053016531
  30  -0.166653409571994979087416217352  -0.819079546777104433778458821553
  31  -0.256971903097849827104104535335  -0.497784804769646483435458073303
  32   0.500458606697085572624975361947   0.431691092383045558133605901006
  33  -0.357905040855000000000000000000  -0.161234157374000000000000000000
  34   0.633860452675300198666225715888   0.096131340841671192748648047746
  35   0.311771012330422681244402160458   0.745975568666299716964720826617
  36   0.757585381989366650254201397845  -0.266322964836465442930675736648
  37   0.110421082209502044251385604382  -0.579063992480007267463300252038
  38   0.522098129306576644680485035734  -0.595669643507856891550351138385
  39  -0.651116366977371224645007066912   0.441382698198087232798021557086
  40  -0.641785221103017264418277547984  -0.444676310026525976215490995059
  41  -0.031822284125841995037563638972   0.095819884643595187340123319839
  42  -0.213599852078993742907377513767   0.511966976783037803635081497307
  43   0.327070105514746639175671090315  -0.197716240295830740118911294071
  44  -0.757902252247408536590116754650   0.000000481503564216880132120862
