   1   0.165838674234000000000000000000  -0.053921312348000000000000000000
   2  -0.539670895377000000000000000000   0.799651157383000000000000000000
   3   0.969461483151000000000000000000   0.170226987241000000000000000000
   4  -0.271068458861000000000000000000   0.941030910004000000000000000000
   5  -0.225291905569000000000000000000   0.947905298919000000000000000000
   6  -0.352698341292139872618858461059  -0.902807483496381593087406714228
   7   0.214993116830000000000000000000  -0.939613975594000000000000000000
   8   0.575487850096000000000000000000  -0.767119341404000000000000000000
   9   0.820338011929396966656695911898   0.486785377825513928437593292351
  10   0.521938513474000000000000000000   0.791716402423000000000000000000
  11  -0.634454862004089070069797965144  -0.698526903758120276475605021973
  12  -0.582480902518000000000000000000   0.735817088952000000000000000000
  13  -0.891000908775000000000000000000  -0.277363672195000000000000000000
  14  -0.883334780945000000000000000000   0.285183029282000000000000000000
  15  -0.086018907373503408650260864743  -0.919140957210203297102659423413
  16  -0.241279379658571578173532321370  -0.885760388926945420713271253732
  17   0.067052739162000000000000000000   0.909682455167000000000000000000
  18  -0.113240790262819966942969746218   0.900698006273070674758550145221
  19   0.086927064726515368725501126663  -0.898470576007606238409116434926
  20   0.630248915145103109238976596155  -0.634495742815717741927396389011
  21   0.865392489820851858305985469365  -0.217967019181758319225990382011
  22   0.507903052586047238059825207846  -0.457458688630858617716094572449
  23  -0.333924079545035606107294211483  -0.462956585597276776316361993072
  24   0.817466110792922681598779447714   0.317755775351382747235927028232
  25  -0.133162808214006948540784920919  -0.320970279305310398168788808145
  26   0.752321875717524895343285050529  -0.430539585007029633146428177721
  27   0.297032193671314051938120424665   0.022221296188812496219287366080
  28  -0.411369057744565072938217300931   0.138255336165581196126966714264
  29  -0.016136265516196001648933608681   0.680373766142813827088347947279
  30   0.845245725023813142152926439840   0.042520311025960980689374219599
  31  -0.420996404013939280805371608728  -0.725529771777491240587461948170
  32  -0.396248972331939203631371839310  -0.168743453459069989279265969856
  33   0.555919575377669302170800996857   0.187914378141903871667077721170
  34   0.293331954287127931079155662427   0.771971660832434458338217068569
  35  -0.337734664445688477634702411182   0.747986822644441669504559864126
  36   0.578156992677002787955380494463  -0.164898182785066146524641317150
  37  -0.208689463122779151146209154960   0.402452404232142904724995943123
  38   0.588068781194569364413790709333   0.550213005631496115999406929731
  39  -0.065442371808000000000000000000  -0.642609666064000000000000000000
  40   0.332476278150106139575840255454  -0.722233599042294871283763107123
  41  -0.660452348580428005518728828495  -0.433410400393344470322857328556
  42   0.210067547000829047701305343478  -0.320390460539327021923461365985
  43  -0.061559972790500432437335084086   0.019945149588775950353563935503
  44   0.205466628660915904699434098902   0.376784639150962219055410104752
  45  -0.627147503940299785920813329740   0.445783437539796131106787198193
  46  -0.764348972116420258624020128329  -0.000001680117072819595128101407
