   1  -0.559590240625764565846411556446  -0.772537477301838382575783188893
   2   0.838735176079854436136142849723   0.371522237601835959082961325558
   3  -0.577470421871473631869190702625   0.656483003268706676650358138271
   4   0.597227105368722048625190478445  -0.590335430609698617679956396410
   5  -0.639088129483743992025203776871  -0.480688866591959190455570078029
   6   0.061352930891532310253614280387   0.133192193453039995583638899219
   7   0.466892117503117106494598992145   0.547518085669398824435713695191
   8  -0.121750446733178897580265501223   0.668498858906117712472148117652
   9   0.635486887585069415698784655920  -0.070922527716591365525171773227
  10  -0.587628758983842883537587113393   0.118050099161389931063645518345
  11  -0.002917146112931332852495971889  -0.559298463342224695516194671327
