   1   0.582616571928083455771492079881  -0.339866954697216528094420263654
   2  -0.970455263502770105654570198787  -0.194941090455466606372514127751
   3   0.649367785372561237211299254523   0.025370658778972172245103127230
   4  -0.020783239834281768596807284094   0.082894873041266871904696752027
   5  -0.979774735131375445307065818093  -0.118014511674542752590560684097
   6  -0.128246056399735137468603702375  -0.977010468162527563784597596589
   7   0.554043460024160727675148756051   0.377474608047137606530704889366
   8   0.289862801701497073076513658991   0.291872062987462302345386994409
   9   0.052994186598044829925031976557  -0.968718810103214224690971517565
  10  -0.010964682508747665040690785190   0.050931885231158099409626797173
  11   0.625771015746374203265220353281   0.051419724661413379766781592632
  12  -0.957759821506658033205606962404  -0.159405823375907211215882030313
  13  -0.166664834956358389308121431313  -0.952931132275786238163906833372
  14   0.755027652356626004127495826559  -0.602664051637993172052476334665
  15  -0.723675475206256800383398854845  -0.635180801367081659700253308757
  16   0.959778436664621446564409786184  -0.058235906882487175224287891540
  17  -0.448042358353117791792407483931  -0.847515835902987510826144483788
  18   0.718629316141974777139601647758   0.629711700820487691929678127917
  19  -0.340545559461790177057374584875   0.718862234474455323504895590616
  20   0.898790969767918561990696852654   0.313768450751356422111114687978
  21  -0.006445286519332594918401164993  -0.440369818888578272137508432329
  22  -0.145265588268327101731808791985  -0.117536296589655130291044175285
  23  -0.860698153925568710861408941482   0.390495132214832590932168735648
  24   0.361391885919432008854942708903  -0.222412600673548440533268723025
  25  -0.867139267993578102768080244691  -0.363246638019037780743219018377
  26   0.072496818049312257099904854262   0.418316420255845180446018928740
  27   0.250756275714666234312607502947   0.901341827880632832202789161436
  28   0.497910190857677330844168705320   0.443448622627679900952294764883
  29  -0.899738943335581876414791775162  -0.238557300978272917520798771205
  30  -0.110388568373326914799723981446  -0.236879638282210038871799119628
  31   0.377474926228765165790179691877   0.845632383118902054677728317114
  32  -0.780345306473181003328660281020   0.494196889940730392060085286719
  33  -0.411769637836490386250765896807   0.824144661877310275278269892508
  34  -0.882438372159769012327925415936   0.256284708088337442617406613562
  35   0.026158811082141808736783053888  -0.310835506080312125894282839937
  36  -0.368784260856690444127277161043  -0.446102033045307630233680301653
  37  -0.589418073846305915324353208167  -0.150381429237027023069333603687
  38  -0.269709477098878717787373384793  -0.592234431356477908475233426680
  39   0.222625097216626839451779275745  -0.639356612553583671725539705273
  40  -0.050753708634412128037502695062  -0.899327002562783696604132086244
  41   0.140711627611140503509442410055  -0.455037808747902902892875513733
  42  -0.733649524084773009626025403774  -0.271646618249990470010065442864
  43   0.206485120158638982293990947376  -0.265041037013261908935953658026
  44   0.621890274703605497978622997747  -0.643711425173903842018476251639
  45   0.238932026068544191516949614369   0.728721218427212964309339151599
  46  -0.551080629329131192191609928440  -0.375221824595529392601047594909
  47  -0.744603480836931361972678536795  -0.483651974350348337540348183579
  48  -0.168839221387703825468440711183  -0.413616173480420212772655083243
  49   0.864369046155930940497997474010  -0.181027801381522042740280210320
  50   0.068512203554992629642722266386   0.878068179366852299105604024230
  51  -0.251933115346618910771653732314   0.576703754639498627932598975257
  52  -0.108978575849465631894807916468   0.374874649603334403698007309602
  53   0.290966163039433219029035222274  -0.052209948947687826258853325118
  54   0.169090385271184856460697006685  -0.854629058650340533946579392300
  55   0.037184456304540033817160679107  -0.096445418284380982433062899199
  56   0.414197792358147471033311046565  -0.761008026890933155522766113438
  57  -0.267850519185365114808790403164  -0.819303401108257322955385379109
  58  -0.498802583820376901254102813676   0.058329693242172126597046637713
  59  -0.372308546854163150577795362424   0.343567969986085754546748428997
  60  -0.190166746776531262602294682190   0.834162151853867579704219966185
  61   0.012178565014693459267928012917   0.616874413050692407471279557708
  62  -0.657416748069439692993629411395   0.298703894138440632269299393373
  63   0.740085673628371228602942773395  -0.417506774682829877348924567441
  64   0.280337616293031272285037682870   0.472046087881198525431861389904
  65   0.519317016578544116284285334315   0.665868816013084168259576567610
  66  -0.027716754059693290290581286175  -0.646794363990526563784130457366
  67   0.723876551269253301925226410241   0.426518335866897474639082005045
  68  -0.343779427601086087835349383973  -0.199248781505271348062714747195
  69  -0.197740856394624321640751915386   0.093083774103380822439606733059
  70  -0.520702240800559740505531375743  -0.650239293136374968878859790438
  71   0.121170697987532715113173896199   0.192123938057368800479857868192
  72   0.575718763918030191373537730620  -0.140606003941511021316750130233
  73   0.818991576588155241255882819686   0.106414187888366950088111611629
  74   0.414979808540630300539121427241  -0.450548624423153308552678213154
  75  -0.551887323676019333754006858680   0.607975826159281950125906377684
  76   0.471773259404746190673115799928   0.196762333857556700328882192843
  77  -0.815969891038237746308825190051  -0.000000000000000000000000000000
