   1   0.749556013287785779846511311096   0.631613443348269321250756916034
   2   0.608454473784755620429468321646   0.771123673940864618821864601944
   3  -0.924377682333682959384770873970   0.309926417819680943169994516081
   4   0.667032546891731858163248669984  -0.320354903879334036737293871744
   5   0.922895599810332290879894114446  -0.335788496405335169761856197412
   6   0.288548564632522793813365886077  -0.928339057913696789309525270164
   7   0.844538532664285038152959772729  -0.497198843620158869319244915318
   8   0.902762541412882927250489679975  -0.366407169178025654021704719182
   9  -0.961229891320085734527331501858   0.145590756863853228305319953468
  10  -0.303172182439035633552415185867  -0.923110179894595685841214404866
  11   0.957690129168557887341779433913  -0.006234093218158216872136236880
  12  -0.781104359005828641292534958812  -0.568374238797490628184136018515
  13   0.729568466459526736980723391363  -0.628868598512435944809389947750
  14  -0.754199027626663861379719826721   0.594424058943854663523095256178
  15   0.181599040969999910302308393994   0.940575824692953468321535218217
  16   0.904421593737636671378393114912   0.307114270383482435207800569298
  17   0.663833902053393399787288135678  -0.682842855655796417054680652788
  18  -0.197659739068506645124723136544   0.928734829464200755117840497197
  19   0.469325489848120003078049112876  -0.822213476835378128501152694248
  20   0.564286103450139091828218223527  -0.133666845397783111237598519397
  21  -0.914729607201211739708551135182   0.219813247240320304759679636993
  22   0.833823156359233456529415182405  -0.416604130728294657316140491911
  23   0.359171687252972183308982593930  -0.863822297287253376394684444438
  24   0.764560754358247228738226941694  -0.531216240010784299928390737214
  25   0.560262194750767243114020846688  -0.738861206327574697384122802148
  26   0.699587970922534998489570165785  -0.407003913121018395346165842442
  27   0.500551155853148351074845771168   0.777036144567135842994458435168
  28   0.389703729429652559919836674689  -0.486908959711915351899966319975
  29   0.624648945415570679616727856872   0.673658911501203977870003387752
  30   0.235169531935390801842162739268  -0.555429163262175187411786006080
  31   0.421393942865000726861564600820  -0.122988772955622461906787642671
  32  -0.793790408617829777350472289927  -0.445551712943672718191536261370
  33  -0.863908175749037188838431594457  -0.276493331296684533498478259246
  34  -0.023087632720331731015499802484   0.088715539308239876272134297537
  35   0.057389380410716037332595171707  -0.515391791162655111352159541249
  36   0.021778375111279633162535711215  -0.102337747676908080601953688538
  37  -0.376368339652242127784085799233  -0.813413996680117700590394414202
  38  -0.175639423337024931706841593059  -0.876030018617664040551663466993
  39  -0.499468852298173287624747537479  -0.111690638330458507208088893207
  40   0.388538096113437171974569762114  -0.677872622248517082130357994005
  41   0.574230265650636513442612821459  -0.547150386960939993854612503664
  42   0.442952608787750307449672427046   0.592362985969328096659634755226
  43  -0.600733164209989800234961998315   0.642296648923119769950514022032
  44  -0.643784504023144129512649043503  -0.294230985983447858549898580510
  45   0.523868176487645155651343937794  -0.311360865051867849704263006044
  46   0.299831639783632961739978243510   0.817010645941766602526020457295
  47   0.857375666856468982585511834944   0.136869512354290849172797949833
  48  -0.090133082466892335032571331963  -0.309548853375897491206181957905
  49  -0.195700310700541361835023734175   0.244769533985011120293889292239
  50   0.075794265879886350499651347094   0.302451326652065232340988529508
  51  -0.367166663258802564499709464903  -0.326545601049581793581093333212
  52   0.180493108978597779786208135151   0.568560825914393056514377143007
  53  -0.410294050495327711296795333999   0.452109108783354534154305322767
  54   0.365591436301803140717267861640   0.334577017676947330063616044981
  55  -0.116467288089995760749543924736   0.525369940499991856248133575592
  56  -0.475595309326850499968416278131   0.153577411086301710642588465236
  57  -0.235553490191475670161263535863  -0.053464916204610795939925267597
  58   0.238766438043618232588872837946   0.047242394709926710090282095817
  59   0.564272539989432772154370122199   0.087816029181129216622689106037
  60  -0.337205769465278533484517351146   0.760367554867221747233002765643
  61   0.000087452378513770499725428911   0.828981572923268063693407401436
  62  -0.202049850476960804764264821184  -0.596918685033054774449114191299
  63   0.221520910599280101259294422832  -0.295053636577371134226284435325
  64  -0.731294601272461705121423906684   0.372215934824289970279115492271
  65   0.799526681611872075121140249140  -0.171756712633482565461125090353
  66  -0.560863686413884129618868451155  -0.591267887925772590610030869724
  67   0.698106047323096226805565747689   0.414733419059482014620593516348
  68   0.111906981383601279035824543402  -0.800978354259733857004088395225
  69  -0.790835858585773469110113372089  -0.000000000000000000000000000000
