   1  -0.888140781119979490891873207955  -0.292439340738360004079717182046
   2   0.687271472343152311758164743464   0.701409554389458172536912505729
   3  -0.463709686705763520997487249327  -0.729318947618470340427941036400
   4  -0.604632899850724242206394614472  -0.627880264911108294345713472867
   5  -0.619034388902537659377581492139  -0.618988469983615970849079768547
   6   0.785242596745332554654632371655   0.462311621658213815537960279631
   7  -0.746243843028682036974149263313  -0.431864296409561475054772554316
   8  -0.457453468316123812570970402794  -0.747392855998694996740168920497
   9  -0.928835638437951261630976263697  -0.326163163211058865592801978809
  10   0.318238780020242246480079301862  -0.929811648801280930806438880581
  11   0.414031594021710268513964400461  -0.889539786748472009253431142562
  12  -0.933179805725831934716328475233  -0.290533368005026828980856791754
  13  -0.845974420903773930218642497905   0.484596668639436882087507529332
  14  -0.383848395349226285851672605703  -0.896191779893385861435261247430
  15   0.972414768062802201865424914153  -0.058560639894504422410009556029
  16   0.808355750471087340973056008037  -0.523506760735004655418469794211
  17   0.937739840489983867672250721298  -0.249869514469826863959522160161
  18   0.383648126030175883885973293669   0.889000156214172959609057223157
  19   0.830746515538121429516984455391   0.487260444298348216171473236859
  20   0.623981870732272894006656139271  -0.735827731963476290939822491578
  21   0.946929033245890566753240151096   0.181137566065025605284593038118
  22   0.639807115987894885759211983938   0.718766054513561130944824561052
  23   0.356454343286150260524163107707  -0.889020912083897252991897302399
  24  -0.163875921509876480311713417290   0.945265563359509916440879845612
  25  -0.695400913767031115832905897133  -0.413145692359739168626634965814
  26  -0.723588442645736620511213949835   0.624753009802061285740543113075
  27   0.602702494870632978838247784740  -0.423288374510054243768409000040
  28  -0.288916696355747192263673572790   0.622863059430124165627993109454
  29  -0.650022921705048901504495754401   0.693500139603416867581361702359
  30   0.606453246629415270412248239955   0.378621579863197419232728130170
  31  -0.018006526234477366761236031497  -0.798336640169472088744258078512
  32  -0.930750924093997043096515401265   0.165848219552569897115164264066
  33  -0.523008026898174098007167271661  -0.135679482205432274435345544299
  34   0.016125379229058802988450607348   0.463207634635605394791813300690
  35  -0.679983519871637974392796135170  -0.649911199039367643582595507291
  36  -0.773525285489174333002747908379   0.532419434825368379953306534871
  37   0.473908192390509520958396724828   0.110169336071988678652937296009
  38  -0.442060957497425066555059998531  -0.824648884542786209390587102170
  39  -0.402170601528331981135574317396   0.629319200477986208560362512452
  40   0.766424877067631139781620560253  -0.093854453426528604072525172216
  41   0.560353178796443893759111194824  -0.315720419807770436167091682681
  42  -0.404435927136964335222577600249  -0.680236964918581017959310915842
  43  -0.323300612814172267036049297423  -0.392691387130802984806169230901
  44  -0.023215876954275621199499430109  -0.925212324559409123613210919697
  45   0.485585792085749132456991781508  -0.028172972128232323144920975550
  46  -0.173897048596402441996545915951  -0.412308866007885762098818897957
  47   0.382198473002998915831929643576   0.218870744928691689266159436914
  48   0.907198594470611941529052759361  -0.143175349870634713613050531327
  49  -0.750788855538698404443940819607  -0.526568960979549997280540606338
  50  -0.914380149043412507355167286458   0.027925938468263838209529868027
  51  -0.555457749060437219049087768880  -0.725414625631456414109133874461
  52  -0.273876162306225615603437587309   0.245206174179749468193598110814
  53   0.075554243898364253450605105252   0.047901093452076450242711136738
  54  -0.829491944526657040994437410509  -0.370738686425332106740019276039
  55   0.554890864296784551562007629730   0.243228106769461494800283507696
  56  -0.513385303382522162844850624054   0.745518501144640304098203285137
  57   0.251774311544720717033420207703  -0.600675209296655801549568784356
  58  -0.432820815609679723871743030351  -0.261361938606002750940431146318
  59   0.609169700037573064276495772765  -0.153600522038448741336075371578
  60  -0.233883154485130558093146242442  -0.242971026767480263933692468260
  61  -0.275410973022401155199480181960  -0.562900077392297522581300856179
  62   0.249005067807290833694611513831   0.859692453593118424842591454153
  63  -0.109808154816765196450619908588   0.357791774897993315621887107227
  64  -0.021506276733753888919974828746  -0.305244359332332771459663561522
  65   0.888240374071784267291770173368   0.047604032457873963086357739271
  66  -0.104377211069618593181056236521   0.139449263381217811376032796613
  67   0.141629260162379169996124085957  -0.154624366812246823587767780721
  68  -0.868821244779263497310616967079  -0.167122395143640028559585655964
  69  -0.080147423759380185541774095759  -0.087831500586505071020674812049
  70   0.659752181410400139980487510193   0.058871499798793435387532489366
  71  -0.651181920152440484149215265380  -0.256738573132300660273903764094
  72   0.657915218047857030993747038607  -0.581550870097605315142181076371
  73   0.195340305731124790692693887039  -0.387588840979189832544715334843
  74  -0.321225491653079092892312721673   0.453215900094023277623376652987
  75   0.291769185893604769213512053565   0.033158897087117945998648731036
  76   0.434279838180788494736189864355  -0.468515323057175027774468040070
  77  -0.112508205162760050448599123577   0.600858186817135546401929271570
  78   0.671673637072899153637871171534   0.549700912079319731356239706570
  79   0.382732060394018806845123344720  -0.211197066830740318725277198032
  80  -0.496842212688039847730214451354   0.260491099062779513910464760755
  81  -0.574543458353916782857682349839   0.521771469734429436581816774092
  82   0.447619151069711341831443304943  -0.735692512274944877761333024212
  83  -0.285235673451705406756951375484   0.810761230545032017059664238003
  84   0.421548107076124399643263305586   0.437148506763670483230186785500
  85   0.457413839274396398876463077046   0.723641148801051402101948023560
  86  -0.001510017423039804509543861587   0.854034707128531342395449153036
  87   0.178680368841290259950896212542  -0.833389228624709506958052569920
  88  -0.521340778606273756710908586623  -0.492559639075119893217142038537
  89   0.779375938252928419887030158104  -0.337501730559749866660626005863
  90   0.795192641760828421728085617254   0.293478877212730810561851550329
  91  -0.223834829461811234211778180227  -0.815687605168623554503320113202
  92  -0.782902273771999847739225575718   0.315905450089019375858999838266
  93   0.175234200334015319382322906608   0.607843853250754576101628373323
  94  -0.669793339583635970569917174279   0.022002464263605773541863832596
  95  -0.009262643277226598659878562656  -0.585185169202560831332208587669
  96   0.150407385352753748661551959517   0.288812286390867714892062993071
  97  -0.347127286608446947001988854434  -0.000000000000000000000000000000
