   1  -0.816955844026582368778298304489   0.500005442634126588414311416082
   2   0.156679758227617753405622500448   0.933335707783789501861878357812
   3   0.831256575396868479582744333839   0.462658135076736548138683351837
   4  -0.442607201579973633059981719476   0.823734253499715987844123805603
   5  -0.919336338998863019449323333232  -0.001224997128888145056289599241
   6   0.878032330218961614627129716016  -0.215496144374546038819924856616
   7   0.421671973612130399060766084974  -0.781616250595633670644665332751
   8  -0.179733884257832666690597973889  -0.202794751064275300407643979832
   9  -0.472016954956189401024560358072  -0.714260478863565207019564324394
  10   0.289766707597575295389713706562   0.788598920955951191295300178997
  11   0.566504614529334546704885403834   0.598599638266828279441955176828
  12  -0.551048507569747133015948549285   0.590351405147877214354785610906
  13  -0.753902347120947329426218383863   0.239055503317016922002430290487
  14   0.223969017269421465176250643976   0.392763928731866833693458163914
  15   0.186344379728520106114189216433  -0.086373762933765826605422609005
  16  -0.122257096822706765514019322087   0.734130621576065950843760264632
  17   0.581519303559635224266961955162  -0.432865040990048855420213781041
  18  -0.252414138116712716589331660227   0.206458025902248274577341960880
  19   0.683366547713583672177890498148   0.133508451342380421539628354435
  20  -0.621967439853202055847111649049  -0.275619632100656500683048674923
  21   0.000231174730613488333920708488  -0.630904449749480096344848100615
