   1  -0.980812805454811039525687310386   0.123620566686410325493846265738
   2   0.902632653254566490112789231443  -0.082002989319200629780546475845
   3  -0.941231824006167017353973905742   0.150035196542559789909106734430
   4  -0.161261141091593176420722060234   0.041539859660141541801973496241
   5  -0.193770077121242087563326266564  -0.692491767658054044885774714861
   6  -0.511887080592494533875913637925   0.839343013962374670233493917117
   7  -0.163337436623166890782329979390   0.071655337066888648872753411481
   8  -0.228203730754368913606496767192  -0.212860860668952339528258384870
   9   0.166412545033128005719518529951   0.959961203861538133953079741752
  10  -0.442689161985020364622784482291   0.435501040930981749153005696065
  11  -0.694839578549798519122147479463   0.191944292924053124036123308535
  12   0.624968276662154847898958592397   0.737360782056232996531682406547
  13  -0.943332694518286595758019521995  -0.190996726087168135911814559749
  14   0.957303126304885489981039870215  -0.090237896208353064886324246065
  15  -0.542580303106890346029301028793   0.789202513969068548540353457285
  16  -0.804602227803272604788238160876   0.515581177126689272096151893786
  17  -0.930574704213650926050545872520   0.205124291324369320275356249603
  18   0.508067045684857243806297727920  -0.803438993264034650047630172409
  19  -0.336484662219318965128919369434  -0.595968480182714512697993100479
  20  -0.545033600348805903300201782139  -0.480914616701549032269340401325
  21  -0.179169506743169251000984667002   0.710799015898969103156169361343
  22   0.573490580036015440266285758690  -0.114346735906815432477518803567
  23   0.290746417632696973380129970538   0.317704444325433475280347947751
  24   0.591011098738792663606881884864  -0.723407768323672388535692007679
  25  -0.384925661237287179040184832929  -0.848130670212498372053644455465
  26   0.393380103386001277742447786780  -0.841214024524939833353491829670
  27  -0.086560004455790826648516683544  -0.921849722472254437024364061549
  28  -0.539405462659896156829186752991  -0.015426087267095704465458296728
  29  -0.123287358681628888366999655226  -0.772623823802697827645503629880
  30  -0.238831216213032905135445801597  -0.886048181952185823073353890797
  31  -0.287360741960304058189992011400  -0.725006384911878117995020004876
  32   0.063567001438840687232024694349   0.909887644339928725254724672974
  33  -0.302642736340018654487785796855  -0.298081065526934358269427992633
  34  -0.394395060384767358953346420012  -0.462532341222325001267293133080
  35  -0.110214230205810980594895209245  -0.216037157974240521605080478572
  36   0.249032103387384156067541929771  -0.089016803372733490173136648577
  37   0.490203131253314957116161461136   0.752847524867694471766404939366
  38   0.439467381697809912889628196954  -0.018488436760373652028384080235
  39   0.892087503459443217399490971282   0.039768362735228365451565738210
  40  -0.131772895065685118716047873869   0.880132188641675808527777179439
  41  -0.833978350644116749993616535065  -0.303495685038675258495136820647
  42   0.194328629495855497062171362692  -0.505916870082087373567621721217
  43  -0.195262084346835477615814342225   0.205843844958525042806281610047
  44  -0.718815583066161881267328643395  -0.506348169230174175787111585627
  45   0.268827097417643042737690487852   0.132385899209757570598689891980
  46   0.659117695947643578067301858552   0.051458622218721261480534321646
  47   0.265045546300847309313363922452   0.829714118467212289780609579171
  48   0.110430619981150463696155182507  -0.273213655700527601300533405062
  49   0.412013753927633974574529944795  -0.633448128127677641289925541213
  50  -0.359633607592943822739873707106   0.784260311145851523712866767322
  51  -0.793485265435364737796937641178   0.331743566732598109982512716031
  52   0.672664012274684890064197295070  -0.531491243895308673035921053568
  53  -0.516362914960755232042925322350  -0.679184075048055567616041512880
  54   0.801041225009097343525286302825   0.287880667662266744554040288710
  55   0.501332516055073021838146893073   0.279335200975234434522804188745
  56   0.644991823529621531878821294834   0.547945804360191699033062147302
  57   0.030403997559128257423552106028   0.667236991399637887145893213596
  58  -0.305709063144295781894386216878  -0.048371345409827171653036883946
  59   0.009345257584353565662214079640   0.013538736800315322151862633504
  60   0.326701034887223491106215316238   0.542623179364835430311729854872
  61  -0.557624320382903178453522847914  -0.258985636465726833098638130782
  62   0.058741819129338086553179171268   0.341900717843717538118127190403
  63  -0.250209463929817291165693152501   0.491499731602839039600733297795
  64  -0.591485154632598399777075298108   0.574217579612873375094419846340
  65  -0.490205257488017514985930556657   0.235003744265850227708063118742
  66   0.786409434967224295534024665733  -0.228301780100904379511202381240
  67   0.141349075800862474525188780233  -0.801013006565768224502065462132
  68   0.426309100795199882599664585291  -0.312686960984594023240912085934
  69  -0.112913426538855993710648173079  -0.503885544263322446880695962261
  70  -0.807901118471148098983788315318  -0.000000000000000000000000000000
