   1  -0.319341046065845537516957050027  -0.933275528516719693547449669281
   2   0.985179266446701629428779973151  -0.066722033727418398369059941796
   3  -0.182327477436509826413376669653   0.959240804296694889672507974301
   4   0.699153401766871946962829041806  -0.701936272757224578187261718632
   5   0.753573170202092433527743145382   0.639948424010932631163443633027
   6  -0.468436805807714412195614331272  -0.867904659918395713188895221797
   7   0.651165879291534079685345263419   0.451569256751144973897165175175
   8   0.542830881115510926639926845291  -0.817659720621612364428506453398
   9   0.765894696850970148121572116600   0.611005205865893025785433045570
  10   0.101889123825593165770456092923   0.972071945385602071373859867568
  11   0.913343762951038263030959789378   0.107744534483572457668667529493
  12   0.967333057371208900667758752040   0.103673216873860664857303117618
  13   0.235015466948777075363164489334  -0.942317078954740985380695861335
  14   0.782063534639897818008305538638   0.562649484033296262239694341683
  15   0.709981601361645551509370433740  -0.655702596849118946801924002641
  16  -0.867432056994185051610196889714  -0.420680188158884233823532754504
  17  -0.945818769374511148705907796536  -0.177414544524127843891425008849
  18  -0.942631638161247098629784725744   0.182299370119809104148048329627
  19  -0.082353188069358707267065053257  -0.954334137978048499307749989694
  20   0.870758137799401027904061911828  -0.393794384452734079110540665726
  21   0.532784082234617430847427077476   0.790697640789917123122098128841
  22   0.934209078777814345124907324343   0.177889663000778114442998970636
  23   0.169631139472729838409165590915   0.933730245008963333871033896111
  24  -0.226849117113462114090286321480   0.919219094022319137913205482007
  25  -0.096439831815377050810037910646   0.457706305888053551254966023364
  26  -0.502675753785226805148750452281  -0.797098223636869953404873379830
  27   0.897156187966139049203244207107   0.279997758292615320717627487336
  28  -0.816478002070642601485131617802   0.461601239246299038783336485230
  29  -0.694712189861575475724368762277   0.427847671323531441883179822217
  30  -0.389591474060340717302457849052  -0.848312070644420686078002380378
  31   0.444916494182004878141769471290  -0.818126132457373889650933518464
  32   0.928963838327855308912705369569   0.013536632351407998300251904851
  33  -0.598301881621409854217526640121  -0.707868446891038815458259704070
  34   0.310807457071519219881681586636  -0.870825619163698278831274779505
  35  -0.617024163985594709049826799189   0.685438437265775044071696230622
  36  -0.723063143813337470956815695219   0.569122927138635049744577138962
  37   0.417330367556353890987971227924  -0.280197770358978049647154340436
  38  -0.128477414314893774226120895894  -0.504622354543694517483551504393
  39   0.583720404534710066073042801767  -0.306631465766927779788639358868
  40  -0.142014967375634985567559581432   0.594400770854546591608055388837
  41  -0.109568921388667552079956858883  -0.678725639329083029801986450024
  42  -0.243320444066394885341779954011  -0.369485682080394722283782173043
  43   0.149154786739639464998107799029   0.121871985496214371418387615809
  44   0.195457487697233749403220807854   0.309092695942944829271133913445
  45  -0.658395453992615128095458630855  -0.227507186628642321263954763318
  46  -0.852751919006598559873071896037  -0.281544258954399645060296121993
  47   0.564633220913870071816919703006   0.356085635017975181696983518441
  48   0.471002280047373102840000265954  -0.464915450141728380742263464991
  49  -0.542970366247032591207124836887   0.510747462534497560423861767562
  50  -0.837083781199324227398689123597   0.289923173427776931918318422049
  51   0.566188096473801920928773821566  -0.682714762672688674694576710658
  52  -0.208175927342789134672356044748  -0.859776799099836145758731057277
  53   0.779887927552245253443873505461   0.413035335038647972659762929196
  54   0.067244068705278422615200133958  -0.561953317105695223874705610082
  55  -0.454915483489786798209033687918  -0.316560625340963069183021586384
  56   0.249578490758314214768086271098  -0.400040049661010095382592781220
  57  -0.266253792774836687915063112664  -0.151224194168669277719373740701
  58   0.359031422718850174296859300177   0.465204330243303849736820538200
  59   0.529331409871369347425291299212  -0.096303729540755148761010456725
  60  -0.505786480179304304946824938676  -0.051753124996052833948616560914
  61   0.715862889864799491947651792467  -0.484621082793196877490685850924
  62  -0.039852643141424613311477394847  -0.015826923296681964435782460962
  63   0.314279449619461857235086243302  -0.655781496120830191696522332392
  64  -0.286069382986168554491471322565   0.116275445137650755322373691795
  65  -0.042244616215794779827107996320   0.265696279673808228570433401756
  66   0.091892654927456892867797288270   0.529992647028902356960617438123
  67   0.597474141399259379394622262706   0.606657659441044171700287923979
  68  -0.008898457744787475409255673655  -0.302343445231591222686115968480
  69  -0.300677660958461264408187377750   0.412160026741912510687610705937
  70   0.397711123872743917343440780690   0.157572624217819546404231200339
  71   0.080264724810200953649070451428  -0.838747002139425325614789693287
  72   0.239631504048267157604405429941  -0.116464288573428892052173308204
  73  -0.681408785091387334407765277996  -0.488075074373755386651747871990
  74  -0.566257804880273754265192889482   0.239077558923482391151776074137
  75   0.810549566727255825587480369975  -0.191988713079305814181474814201
  76   0.721533796744354976160225779774   0.133085521497426716871842179529
  77  -0.023656160048226707122627258089   0.825185507493656434648805432054
  78   0.315018007614961715443023463179   0.763458838812410834057957087742
  79  -0.366440178286260863968406552832  -0.607792722870347697689173264301
  80  -0.367074472102858285881528970307   0.736219716054371585082678299455
  81  -0.820439350178968473850264635742  -0.000000000000000000000000000000
