   1   0.212913518935847782970017764084   0.949343834122807553775766985704
   2   0.794139321678563394738253633586   0.562642772776068047336802297995
   3  -0.002745616323237869526195605111  -0.973298055505169055606769620749
   4   0.880758913794615943063470452578  -0.429600745229364641903992710992
   5  -0.314555880061460620753980828416  -0.930854328002073043358078933709
   6   0.960680198422677321612829029107   0.070327284571621001074951756123
   7  -0.569555886797635492537773475261   0.791747118457841488772204783235
   8  -0.958583186659782439354752975756   0.164337842147232407666035446254
   9   0.888752858220515115971211944076   0.386910309423592566995939986406
  10  -0.482999029569342640766487314292  -0.836492899473498949885288889508
  11  -0.076684764962776340825949854091   0.959569553850555002606671113716
  12   0.825884064742334428834168999895  -0.475828878413235866694095261545
  13   0.570541683129137606953894606741  -0.766567704641501511182700815590
  14  -0.772127659647639887872023172334  -0.557771200317540311141255346405
  15   0.206833547691419478211031175020  -0.687546113045326037978269568457
  16  -0.918440947922115381466133561473  -0.227184491521488751172941477244
  17  -0.912045867609573929953028848428   0.235097919367913349091895714525
  18   0.184096219547981868990232631910   0.710485013604043197324386448806
  19  -0.231087860424869911927346459171  -0.907045362111795501411029701907
  20   0.661898807054355488081058470501   0.397835490290871626896142326993
  21   0.525681669379828972597954058256   0.420935328122468726198108124977
  22   0.576316401732295049178171529847   0.285238277293475173197567833886
  23  -0.090093610005050303986470088179  -0.918140488250947869428180436560
  24   0.798376459864360286558707041607   0.455512920868776854656206466205
  25  -0.363509542036582822292508807804  -0.840582335143988637104394116762
  26   0.080473162364426363026862030155  -0.631288865203210208058006548641
  27   0.499543301693453116572592059360   0.759528859107061456125618599128
  28  -0.445275999851090423055898935008   0.788319074261000275842720290906
  29   0.901379376145081550578760966396  -0.041752620471603946452134835274
  30   0.702705257650555672170972869994  -0.042533442502237886574341569968
  31  -0.600367513326880884526502784864   0.664112954830071684136224806461
  32   0.175541712779673615471928142402   0.359042209412579531946652402970
  33   0.311186304334299207558971345208   0.832624893687156917502433036053
  34   0.387927153554244259438925013951   0.293572331569137342326548330286
  35   0.168977794656751765747882948240  -0.241444031662556737444752351619
  36  -0.259518560652321590381915401824  -0.415284028619865870953370974704
  37   0.520451657122045378468631429387   0.094578513965572100498644524469
  38   0.640348727995019653426616442645   0.591951213511785280837646593952
  39   0.071010226473776619252709011771   0.865764769791979309302798703065
  40  -0.003807068317046719615131785267  -0.425641781406426013442328400307
  41   0.115695715975857512149264907492  -0.854137189412407981118749372060
  42   0.381893273935110455197120078625  -0.768960178590148845285292673751
  43  -0.774039393383185786878389602783  -0.363640367501092409995907892592
  44  -0.205727701438616441998120751454   0.826619114977680682678635103686
  45   0.802049465254283779339802551320  -0.275871401245558510763757279199
  46   0.278416406570118404238981917382  -0.491284322998206905903433315647
  47   0.346191367762980446400658258636   0.563118441050600213962261495622
  48   0.010324488743572693963231728604   0.571919951896517574922839361046
  49  -0.165725060077443770427518603792  -0.687590331880756416367271237874
  50   0.805602820982297253082824097212   0.206431312422221531385944227025
  51  -0.082306087411451503038194004574   0.251196138678951516590401437812
  52  -0.486084451410429684550142224002  -0.224288635996446339816422574143
  53   0.612707341173314949016047763814  -0.546534122385053415524755180381
  54   0.211945750394994830913118406216   0.055156961677658102101442684493
  55   0.471552707335792748654379469777  -0.211337345893456554080828058493
  56  -0.423723583167261228480671083841   0.136055142445904972261822667168
  57  -0.708701081872196419210569470644   0.388203954035936903019946162047
  58  -0.341473085097308129210799891944   0.511108411146537924452374421038
  59  -0.128226481970451272975662419257  -0.116358674348682270759148693289
  60  -0.522842622179635576361855108366  -0.602802544393684505521672427283
  61  -0.793469886519577877310183594590  -0.000000000000000000000000000000
