   1   0.691315149000000000000000000000  -0.672445322300000000000000000000
   2  -0.170137677300000000000000000000   0.493144783300000000000000000000
   3  -0.333801097000000000000000000000  -0.375239943800000000000000000000
   4  -0.942046295100000000000000000000  -0.012057195200000000000000000000
   5   0.920148900600000000000000000000  -0.190824900600000000000000000000
   6  -0.825367760500000000000000000000   0.427075208300000000000000000000
   7   0.594998603604109936292898956859  -0.698579986430073053522740971235
   8   0.478235433635415805862299621073   0.769330842811842183100917089862
   9  -0.272487162792378143538756810746   0.851556528051108925592314415446
  10  -0.127170433072210072114904423515   0.351481149172435604177943611089
  11  -0.356319116449234994011905686492  -0.794293859398149469880760083802
  12  -0.092287098125518078838718609683  -0.853814215241786643729641788867
  13   0.480221053253376573779066597055   0.015250401140529141081298473005
  14  -0.815075904000000000000000000000  -0.182156744800000000000000000000
  15   0.822138288500000000000000000000   0.038244942300000000000000000000
  16  -0.793117255000000000000000000000   0.170195574400000000000000000000
  17  -0.140705050068278084935157494873  -0.516002373321406516285471340370
  18   0.163120191076685494639733300869   0.195599242471952274027045419187
  19   0.180229914267400606042414482596  -0.239470287704432740861345280034
  20  -0.575916515154167937425459157883  -0.502993938620929924842506104886
  21   0.265530825791290038473280280297  -0.702915731858010491658489153179
  22   0.647068696887729450146016379572  -0.361311778622983012299996447894
  23   0.593896521022909842161328546050   0.423352268002461629859807128453
  24  -0.486475051783066772664879683996   0.527499122135170676452082860861
  25   0.096653119903834439272245932393   0.697227050880269954582558183504
  26  -0.307396670387465114980974031897  -0.032973289281072800151403451747
