   1   0.079281738201000000000000000000   0.096757551308000000000000000000
   2   0.178634939620000000000000000000  -0.946365939468000000000000000000
   3   0.220818368847000000000000000000  -0.817302041944000000000000000000
   4  -0.493824149245000000000000000000   0.424744102412000000000000000000
   5  -0.725055270431000000000000000000   0.646045627694000000000000000000
   6   0.876705146096446333336197345215  -0.405742686453071403998746487215
   7   0.913260313845000000000000000000   0.297109103787000000000000000000
   8   0.945843458649000000000000000000  -0.129275405263000000000000000000
   9  -0.219188168636000000000000000000  -0.923067639536000000000000000000
  10  -0.580737547704000000000000000000  -0.743170862727000000000000000000
  11  -0.896733866469132668412011419410   0.274269348391836688511641436428
  12   0.247601125515130351628583376175  -0.898613179852859663831403611606
  13  -0.878704799934000000000000000000  -0.293056797061000000000000000000
  14   0.736525440793000000000000000000   0.551900623625000000000000000000
  15   0.106146339743187192135348734540  -0.539776526397199230771669108209
  16  -0.608664685716774081718919139134   0.675765447694232974189782721451
  17   0.814921963604527644007880422726   0.390816910905069941864179550800
  18  -0.442145027487000000000000000000   0.538527145819000000000000000000
  19  -0.183162273524000000000000000000   0.873261136408000000000000000000
  20   0.352883415593249259062717433231   0.813602557090016120727814403623
  21   0.840918163105147569040573100203  -0.257197901236722179205528682886
  22   0.734648786185850838215953785751  -0.476259667871927197269781902021
  23  -0.408243454424491404860219109689   0.768110397173224527056470702039
  24   0.552460964328608406512055495718   0.664522673253086802668791163676
  25  -0.002108338860000000000000000000   0.274379067768000000000000000000
  26   0.571715173085880660713445585872   0.382206841381904854162071647021
  27  -0.387291056293274960450514680897  -0.142897359097322631577010558052
  28   0.082342844588485064761481416868   0.837530527781699017755959360989
  29  -0.359299671685962341881658535002  -0.754678338308328313009166625929
  30   0.197601577562420136686577987191  -0.294217851218191571014368473667
  31   0.539738759795018748386763674783  -0.248349851052363996108836869590
  32  -0.702498724292233412324916299171   0.420893084450147401033565157300
  33  -0.061157691521438609276482597688  -0.048586979682212446509518801469
  34  -0.150095556037293471259769061322   0.574772652640452238500510470885
  35  -0.000151858481678881878642174513  -0.801960750857990535805256544861
  36   0.246946231384276819792857948206   0.514973470132412038354041561987
  37  -0.166948429679749966489401496442  -0.430275954822653543726169203937
  38  -0.356626208968595668425152983719   0.223609196160377630733698458110
  39   0.775574771059104112739770422296   0.076017425119895050394127296514
  40   0.327062236927901906043769975578   0.092474296517763288536438984766
  41  -0.618569646063000000000000000000  -0.455029248836000000000000000000
  42   0.412288819528188523173840880047  -0.641248704721292785340438742128
  43  -0.756694654430463017460747532395  -0.000001817854288988707244895791
