   1   0.896243439626112617979875700635   0.349913945012945781627340710422
   2  -0.385938864555230850357442964861   0.891482265317694900742046577981
   3  -0.982351501400434135964736643134   0.106283104487251306283822292086
   4  -0.694489472741873642110774166508   0.561487553808949643986409528046
   5  -0.584872878325571046708800872918   0.430404355202717592090733111258
   6  -0.870236831915874568856723165715  -0.447323507039328625959048709532
   7  -0.963522339577860502870433456723   0.140334315084494508458369251428
   8  -0.910402615054815370528638588905   0.338820506342382682255934338117
   9   0.965275653562004581203449222743   0.070868527510906548463077819950
  10   0.469326064223885269405026595273   0.169496357237321549459453508360
  11   0.936731225504991606611572773216  -0.213812174144612116849719181449
  12  -0.877018315148969441914772501314  -0.383616780089928621743977382123
  13  -0.739063784888237478865576876811   0.602746276358122840658527563262
  14   0.241601113868875335939765489924  -0.918941079941733681103266828015
  15   0.589527833377972342315532966426   0.546771803253906321840279966400
  16  -0.187152406613593228539820129504  -0.924221084529768700573546369829
  17  -0.607998514087598567125318149267  -0.716904254269454734803826781652
  18  -0.093597908368792687582802394481  -0.261424584831612538448945569011
  19   0.095858636957456237688216948687   0.079316362468771448464575465993
  20   0.677105787710010264793745902398   0.635357382671010925452433020105
  21   0.652796829770398662043371585109   0.255189080971902543463582706743
  22  -0.185532783919744226731527851791   0.285291969830581938400381655275
  23  -0.047794857634173451236096047799  -0.398674817168635152397739604829
  24  -0.886328047064382021614589325878   0.228484193336198553531499017781
  25   0.140301807573957769299466365139  -0.069462410057425780012201405048
  26  -0.097753404209802726517109809837  -0.564229117551487122551420234308
  27   0.006509464861973016042298950643   0.901843421176359582737146097005
  28  -0.711938020081878019601014950735   0.171130479199909752634764511105
  29   0.248168075982339070831264960538   0.577150143684674546213808151726
  30   0.075554440532035454427058548942  -0.252438231479180261817921195900
  31   0.451180849034965136304060426804  -0.489130104711883046301445426375
  32   0.622406490665290799726559384313  -0.632066620828862625529939934723
  33   0.882026334830031580600274760486  -0.051760341415769884613188275545
  34  -0.851622436873809953837672089476  -0.221732397572071518891447238145
  35  -0.876245604311548965363688272734   0.020518826508769239222986676121
  36   0.221297282818486302554962491273   0.844441325069018598916346391607
  37   0.847762937956275513888051832914   0.192880286186429864858383047176
  38   0.744532052404229099384648963881   0.442100553011081981089714599941
  39   0.025425929549157220343301507768   0.666434735882718561796251510985
  40   0.304862357844119063181094943623   0.094486261109257514912273224818
  41  -0.749300229438743491185537906601   0.412441151064482430537836877525
  42  -0.213433548414384813462301745452   0.509416506895086841949022220088
  43   0.465162381270259137928171660640   0.709336878134119375954579686040
  44  -0.228503380323718174442966735026   0.813098167085018766736144018805
  45   0.174094669841372776556667184805  -0.498083821777401816594375483128
  46   0.373572973181553883884778661220  -0.749752860978311083589452029667
  47   0.604507456084291270271277060353   0.020127517566407583184731686090
  48  -0.308925280691529766477173949630  -0.350207125392786623613011560282
  49   0.438792018519731145933230499780   0.378578536763282323207567009159
  50   0.359048428773075589127195183372  -0.218465257477426986772792566307
  51  -0.515510198898759328385574817065   0.637719075631336291169731183772
  52  -0.450283466294967774498700808167   0.277160600832018825930357454564
  53   0.029869751060537240387391704373  -0.812415312721210555335920640084
  54   0.077775036597195289755401609340   0.336296182390647475145944908266
  55  -0.655905157086551011930603012115  -0.467375067903679037767111656018
  56  -0.564224798511185338249740910045  -0.086538534057428656470538230037
  57  -0.346861134417040981294509457432  -0.718802648072731395235587449105
  58   0.723221180131227327834288625594  -0.330883650433263018841858811100
  59  -0.167726425571825424149697159575  -0.000000000000000000000000000000
