   1  -0.028794099286172722551108648910  -0.962376728902909222718984197633
   2  -0.319235316741769187896052311607   0.686063746456463813123440124177
   3   0.208862958002522078265818995222  -0.803947408488465128126942806348
   4   0.829092122115095651532909890473   0.052506892497423660894251925313
   5   0.674414004582034890210345643949   0.151089751354772420248048355342
   6   0.744860257100467872110258450019   0.618723722993730564072187972426
   7   0.232617103595942887125666803742  -0.942410740256120885276574438366
   8  -0.824641400882159107748498514700  -0.502980953959998024739299044483
   9  -0.634134047820938151307738732701  -0.725074024133931000930060726355
  10  -0.413679394435327330683080665834   0.864825127408147499895282133147
  11  -0.929463797685074738876759804639  -0.220528795972514211486325731196
  12   0.198414899317862497851008904338  -0.743142034211179767627202303600
  13  -0.107685837460932059765033954931   0.941400010758417530374538410991
  14   0.434758854822911350652678063515  -0.563213811951529504941833519611
  15   0.358815060275363261569788379762   0.867685197519265186761542683810
  16  -0.467252832767236431375188677021  -0.528279477593815961689198120381
  17   0.917947847415436939743575123954  -0.149674300830112525702979955594
  18  -0.805489001938011780752735091386   0.459551152680333068431429588682
  19  -0.308688210938941438414022540645   0.242799721066143373062738665557
  20   0.919237209795326385007867719869   0.009927992682437720383241462521
  21  -0.706472934002515679820865346098   0.581883468221229180679243064508
  22   0.860517327658334813638839893347  -0.298874207804487134512524229209
  23  -0.855498951100499836762433810193   0.301836312627076233734420566819
  24   0.304058564999093379000364507270  -0.643418997791319362787187708723
  25   0.316355452973398888233048754177  -0.841620080349857304002557341642
  26  -0.009488160634245626468530448667  -0.354374931155221738258592526147
  27   0.053933166552650662748136753815  -0.142409217264168276808308917335
  28   0.500281533277382830537881955740  -0.732461650635435605029854958967
  29   0.101354237136814058853760053630  -0.877135293911940161602374659443
  30   0.747689530999225954789842664463   0.462048983686264119978993302562
  31  -0.805199080996951808573606765919  -0.342207248302783339705461033777
  32  -0.245092342917796723148526106078   0.822671607876505453366888392897
  33  -0.663329111436624746033711855360  -0.558021940250010746633300907013
  34  -0.456485184018927892959529057766  -0.732144415374001076453443663053
  35   0.828654595043850366512623109961   0.212552523231889338092432940075
  36  -0.199471956524244318163476095609  -0.191570064232651889039955622577
  37   0.061705725044946108156497571023  -0.600275955670739184480343379109
  38  -0.492674489786056856935380216377   0.686659722153110664843049984647
  39  -0.405814652013560747984807090545   0.029846778191755649147348308276
  40  -0.171352237978143797092608166580  -0.820888286935655337963789436255
  41  -0.236878314517700498702698413776  -0.500651260647524723981780925665
  42   0.524323263220113536296264582645   0.275356959531652971066578326643
  43   0.274136530020449913863904257106   0.040697182078377517740385313145
  44  -0.507126897535745525201395228275  -0.289406577873545165651867805413
  45   0.659500700828395847811421238038  -0.484607573067943062029193908148
  46  -0.075566539192902382684662381796   0.122554904059632702688596540788
  47   0.184896041406936802790093030075   0.392754081972484781075212667423
  48  -0.558621151520256147555262853028   0.345933478222852670315628630673
  49   0.483373087013552607248377469304   0.640293366051575581640215148329
  50  -0.192698924935568650002325486515   0.495938088161775779352590856344
  51   0.300794336560129150331299210332  -0.337698106907219505739125230479
  52   0.101787743910737805956457955080   0.783524603926517535693150309656
  53   0.641943176553330479633225878537  -0.089522528738302133664178992706
  54  -0.781687130151102804529530952376  -0.000000000000000000000000000000
