   1   0.082750750141000000000000000000  -0.871079346243000000000000000000
   2  -0.985013779171000000000000000000  -0.105106864788000000000000000000
   3   0.866090150148000000000000000000  -0.471338233606000000000000000000
   4   0.925316214374000000000000000000  -0.327704135606000000000000000000
   5   0.962699640762000000000000000000  -0.131285849470000000000000000000
   6   0.368395148811000000000000000000   0.899965674662000000000000000000
   7  -0.246594380740000000000000000000   0.936213660416000000000000000000
   8   0.729458061228000000000000000000   0.629099313346000000000000000000
   9  -0.910322140778482188020816087255   0.301868310434693465532328903781
  10  -0.954168786060000000000000000000  -0.019322067858000000000000000000
  11   0.490402835009781305775207331058  -0.813786581419090625443756029073
  12   0.909227147279858333947106898645   0.259575815212510100350791668470
  13   0.076342078381832886513297796908  -0.937773294851123636461590926988
  14  -0.813920788859000000000000000000  -0.462787251689000000000000000000
  15  -0.424059064548924199741317373646  -0.829930591826062702253517155251
  16   0.845215519149893094582991579074  -0.381826157687023638307227343385
  17   0.030556602582768116472480294140   0.922351477747179472206689644971
  18   0.762496082164795944670421829551  -0.511901130542734490714312682599
  19  -0.132214072024144005407842532900   0.904243012224661556335522895530
  20   0.881626217387362407012567079301  -0.222722367034786764980070557192
  21   0.435523515209071353200277700291   0.793072803946461801568232634012
  22  -0.202761403508721456073796652550   0.520097410598049075411161026080
  23   0.593767619923088640133788695994   0.670442236217198424921626019257
  24  -0.015247325371640153349747806432   0.428808713165214481373225921876
  25  -0.607062914709582771909915478372   0.646231643315654563346327417063
  26   0.331048482330255652683906147514  -0.477083713498320589703891864495
  27   0.088850112243795361202337837331  -0.514519373997289419792385193624
  28   0.219522254810236300349950696137   0.845004401002915706445905518003
  29  -0.435576972592392276284003872884  -0.206946047268697768799508714987
  30  -0.853631650920945594064787365534   0.133359193447558237089798338811
  31  -0.212075008612665342365520116438   0.275711204528677929618487805959
  32  -0.437622354954510259231802491722   0.450961439030468656253601814282
  33   0.562379572612565692300517717002  -0.627736751991230324936660989584
  34  -0.017125663898543342850305236156   0.693305383611721969611371095827
  35  -0.737786915880879641092147409371   0.404332294242245509384022012814
  36   0.095933077037602615850159304837   0.180538219609777761882453350784
  37  -0.177811017681913144889033057223  -0.030677428092832401234476326491
  38  -0.342230162525434055627481831705   0.753652083230560217350206669647
  39  -0.175991133780563956019245487994  -0.375241624794713079522561852531
  40   0.817587165338448251806916601361   0.041660536464697794189101859209
  41   0.258373057341218054468991060262  -0.772026628962421818797060357920
  42   0.705962611351689834577318893955   0.396278985130332186127915908562
  43   0.447463830476260249888637249997   0.109794724324566512697419794196
  44  -0.514903768059219897499599849636   0.115044598681161631981711139198
  45  -0.771326568398250471218695731782  -0.196564753329237776495333782616
  46   0.583545943357352114920076038416  -0.270192310199214474720658359890
  47   0.168713889340936766127833568067  -0.188662097346156391046013177827
  48  -0.145119727290342133083762489423  -0.768472506397668540115223351474
  49   0.307357941039567213675683863066   0.502736994821073929290824073656
  50  -0.536068473313191767298972881384  -0.557349748150154229077715798874
