   1  -0.194356484472000000000000000000   0.003399760084000000000000000000
   2  -0.569793673828000000000000000000   0.803049869896000000000000000000
   3  -0.552419206851000000000000000000   0.238374392586000000000000000000
   4  -0.504183823926000000000000000000  -0.208059081879000000000000000000
   5   0.211353329033000000000000000000   0.936966652469000000000000000000
   6   0.824619565347000000000000000000  -0.479662765829000000000000000000
   7   0.933260756888000000000000000000   0.156595963469000000000000000000
   8  -0.464857628174000000000000000000  -0.815540765577000000000000000000
   9   0.468965573359966100873124558262  -0.804511732381604180800257350602
  10  -0.867941484497842376423646795347   0.315667059154666850615575393846
  11  -0.853654554731000000000000000000  -0.331327165068000000000000000000
  12  -0.066456426160980099210785152036   0.315376937247043937215777576733
  13   0.383618209094082356669336210033   0.153494842632174803274841188846
  14  -0.244390049318150472358996747880   0.858914504029663923835749466640
  15  -0.445257040717865470688012553669   0.765255371151228747343855962666
  16   0.319195316013257714133094372257   0.817624468743583552951680587927
  17   0.816599774215765609048519197963  -0.300337891372695395406064240257
  18   0.536539743897447272822393941993   0.675220389483548128272859676815
  19   0.854341946347543999047950171667  -0.027812822607029907880528322478
  20   0.249440189831877405912016705409  -0.363287624642244801525281670833
  21  -0.323094130747585527173050216581  -0.141589599490008230233567441066
  22   0.028959075096919940267646878184   0.827695265658591376472636145203
  23  -0.228629723654000000000000000000  -0.791632121245000000000000000000
  24  -0.317256883445670539012817015908   0.202268514533500370891256595406
  25  -0.212541748055396567297133664156   0.561807014549955492206155892042
  26  -0.097344448160636492786317430540  -0.420975158302104358156247967370
  27   0.515698320293440150459423014927  -0.122194659950263592867799092141
  28   0.570562036693365959995865849288  -0.540625027421895357779981115970
  29  -0.616135987690448210501261568736   0.475644057166551071712245051036
  30   0.175866310036347450128635590828  -0.750395258657653009304864957933
  31   0.224397204267054507191009631220   0.468338230931935492039071212509
  32   0.683207755525057944480469192368   0.322369292165401346775513512697
  33   0.067927508543977922351688653210  -0.001188117882358391007180707959
  34  -0.549782423588481238296904803983  -0.495554364586924562534089937560
  35  -0.731338275239272012551043068758   0.000005562934090291018362509859
