   1  -0.602592642763835074022282058050   0.762416484911955668765811731282
   2   0.011033709963871514896600995506  -0.016237453844462879499046773902
   3  -0.218997262298803537697646142796  -0.792522998244986132558504498931
   4   0.587628549890234126253934335018   0.799067458756015481929382502510
   5  -0.979701797587917598204166432008   0.039003282148897991608733364615
   6   0.546755544623611782608956995357   0.822672532874688805304798860677
   7   0.366244755722532644197433416462   0.914421236998023741342975322865
   8  -0.057329274684170063040223407394   0.980987397992010656347156017309
   9   0.562255626006987500736675510764   0.797610317385543214045236903894
  10  -0.602582611565203067920416222595  -0.415342875964518578649226468515
  11  -0.406199405810993609768249721455  -0.582694401784148446724017708746
  12  -0.513035308856152191046966226427  -0.096989016284982364428605466257
  13  -0.242010511102075524155674235805  -0.159265619761495529182653797332
  14   0.323986163657812801052636894919   0.916762142134897956758693646296
  15   0.268890984635658862092725675433   0.930848806357443854883498134890
  16  -0.906197787057990796385499665680  -0.338531389513883705068454171236
  17  -0.001379710298832377395233635015  -0.236960865941128793556802983188
  18  -0.009091595765653509177495530559   0.964386764900746105021252917630
  19   0.141346497207823622975144202068  -0.774830647591949820534981441185
  20   0.806078357679728094223668861264  -0.521820902346353945664861173331
  21  -0.302386886390283765900209458730   0.909515826071625134052760816336
  22   0.836753330232959198960534150232   0.463019508873687649140579164958
  23   0.808946866040259583756424329387   0.074563117257530723678055851197
  24   0.601560798232139412768639221333   0.739248336416510187970647893306
  25   0.666607469303586377378671252868  -0.184612361290716952738481529560
  26   0.426053976099614811911518130040  -0.497883098048090536798120456600
  27  -0.713079013091548477863114685652  -0.225111461365989886690525588432
  28  -0.011235730313754237848074656943   0.726881960680313727996629549818
  29   0.291026993574111172263852852059  -0.401971106077978118648069408489
  30  -0.148407355058763203889517242817  -0.081593789810529277229558919429
  31   0.400549870349754622256207811197  -0.606996884894312637818724627460
  32   0.314488214099282529538252745340  -0.518892818259160076579998630473
  33   0.930622418550054250411413778487   0.095272308002330539275470129627
  34  -0.302961167474423231071712565730  -0.231265439709737835307349453647
  35  -0.701321141307671501807202008552  -0.613174936826883500985220828971
  36  -0.601064217802019725221127760725  -0.709167181942423009731811774307
  37  -0.926936429151635934402031185968  -0.036799800983578361745444927200
  38  -0.743872153264647922533384056673   0.550199471820029646444093116208
  39  -0.641452841880053507336284285530   0.664669639754409553487210169125
  40  -0.031444019252322502604407877152  -0.540351526897780636403806068329
  41   0.088766681443684489881985029567   0.198235435201121354757422206780
  42  -0.910435652333206890207360875654   0.116757712679162741749103596069
  43  -0.010211279734296459037156370134  -0.117209801816302004091648143931
  44  -0.185900925744237959844168315429  -0.892941981903005087572586113440
  45   0.068506534766245245088026642943  -0.673102330696381664171035822484
  46   0.171532144742573812643548629191   0.346820376340557878582052694614
  47  -0.143514282424790710117867477698  -0.232045859549888465028944399243
  48  -0.017907048579309424487590623393  -0.368848811530508270722686330748
  49  -0.261623586269669426048555431154   0.226150862952747447546620891493
  50   0.254139988814248035446161947039  -0.667406226489713367884212547197
  51   0.242470941258933395684902330039  -0.867031121296997750225500609689
  52   0.341912468934158092088215452187  -0.061270615963954003873303696947
  53   0.546252344300068216305306036341   0.292323357309734301872314832565
  54  -0.870502114765848090310593519543  -0.205512379844146424980861079805
  55   0.147064544270182518789846176689  -0.487566080195675372515412884261
  56  -0.126820048436522716263773070847  -0.701985718446381773982383626291
  57   0.432952081135807437848356983368  -0.775954061982253650742154631823
  58   0.139545165945955771790817055887   0.011474817197791340915393398792
  59  -0.534895983728425235304529914215  -0.535248294781948779044193505404
  60  -0.562066726727160804592861869294   0.488137482836359240260412020876
  61  -0.141466078639795702899492837888   0.611500179885298829615407818760
  62   0.021669627429638456922986854652  -0.878525514835179663728734256869
  63   0.872872284411046066576439610974  -0.083297344591389471513046171717
  64  -0.086537233313391998364363692821   0.091443728233648887928182293600
  65  -0.321589904616038079429657763656   0.443478906670911919981321559623
  66  -0.139247547764087468976300493652   0.859769686490169503332994491772
  67   0.368953875057656013823072276712   0.445946071975738565670766844231
  68   0.122712637468994776115480648825   0.858335502241021404076639959122
  69  -0.757539667543935058591634279156  -0.417786500113387152159005661272
  70  -0.493627592016220358208553762123   0.243338185805048182521704102639
  71   0.328586541316147141805755164087   0.178819449295728331381586716628
  72   0.178124910647997398838983352122  -0.239983934164491030083274781848
  73  -0.064341659906154830909495605618   0.360181844900729555998241077619
  74   0.786259825526842743772780944932  -0.336734997921680337873769268300
  75   0.125198027210598640455081733871   0.578787834885306793212710608671
  76  -0.514355417905172823013766076084  -0.272129767896495394075964983025
  77   0.805387404250041781803827853171   0.270088252806814868563067967139
  78  -0.383165196262632231770532673047  -0.755952010868794169837181435834
  79   0.614053902273335436995145059854  -0.581297629710875445257600645997
  80  -0.352447992015313624340435575928  -0.013683246925245037733519015045
  81  -0.779168761738111349050832490025   0.318226866774619205287046251123
  82   0.645716913620863871989715585268   0.536782093059838058438825944714
  83   0.392382873148998287757131901430   0.738252039050624923981298734302
  84   0.480418865559434330536488863320  -0.288252321518634136989470290120
  85  -0.262569591323215657442522790289  -0.460995205624816894401869145118
  86  -0.404925207651901374496663185942   0.726670187277198912511578573430
  87   0.599943279782213123258974128422   0.023947491048668989454174975478
  88  -0.683878137036953350611033698070  -0.000000000000000000000000000000
