   1  -0.438765112581523406752558233331  -0.138887242129532735686928256581
   2  -0.755557681099878031338815601302   0.627602241274134532711272682516
   3   0.678600104259629503073181747034  -0.563216999013832931073341958608
   4   0.025182683817734687708480092974   0.153462390560726942638059645858
   5  -0.974944352284019807047362550240   0.049045978963800089930703595603
   6   0.931254930097253857724319800289  -0.292271691989193238533321782037
   7   0.792770736065607453316791699324  -0.566184834639875961693301304634
   8   0.583673303477831974373428320908   0.145964533658829688931625596515
   9  -0.738029597244425996415313168221  -0.633498811868435931114206342437
  10   0.454711976760322517167946665950   0.162417527373135296303039746340
  11  -0.878872110590062195895747273185  -0.402229579316599911182144427763
  12   0.468365481087672317287147920267  -0.837704553568531689802348669510
  13  -0.770695478861042593757951026900   0.573594271342455398268590760103
  14   0.923507475896549389600093751823  -0.219965441514107358903192787248
  15   0.734700173562406410078943076951  -0.605645862327189909513712093379
  16   0.339829414002733517365361026754  -0.615392761027576293652830992247
  17   0.301285101468166552555090307159   0.899355718416289912456739146647
  18  -0.210117894337454039481502958309   0.097230157867100431716437495546
  19  -0.669194057690551060489981991451  -0.251775540243083891920943113453
  20  -0.528281883957610219915206720742   0.247040176324136612625131702534
  21   0.001550808271225869943472898391  -0.937098896675596354655406994605
  22   0.129780419166437229686780379269  -0.925045458935492937023424952603
  23   0.336718904414469246118139562211   0.438530219979369899376510904604
  24   0.683200990489483844982610361377   0.132709933319818065338585290487
  25  -0.641659753079810057203906779651  -0.666422095815222586001433235371
  26  -0.338194226713009725215352958734  -0.857504324944272785879925250151
  27   0.801248316519817806253664735509   0.449124136956789792630152670429
  28   0.208058176688587769087134187137  -0.612529983422994020506668544006
  29  -0.911872855149981346947791352658  -0.048057577007996227288488528706
  30  -0.513155418264150452007503970934  -0.563343869580628138801058426005
  31   0.692872314130179676386114539800   0.584972111333132841644768351489
  32  -0.894198546578148796413310334090   0.133794555116692692634777460880
  33   0.078981372877949220677722317620  -0.256741502479370277466012874171
  34  -0.488132852016816963248693002223  -0.753937430519695850023929110472
  35  -0.156647943047416649330802488945  -0.881354253313161700949130893366
  36  -0.179454215257347856523934994423   0.873525401312280659968078251443
  37   0.222736228854702178164824907476  -0.104116154342882286729151328162
  38  -0.627071376051270834053508702732   0.626177887379412437160219341635
  39  -0.365801160099418144785873658613   0.168405078157404491115091182610
  40  -0.845735242414507731655115104721  -0.243860159348656878913059995694
  41   0.841811345731130799935434785152   0.246628790116772237441062518483
  42  -0.315230019502631545877156798384  -0.069066733413961323537593751271
  43   0.040826431074469303888768388086  -0.481158825194551526817722738899
  44   0.038210631427942537495879599494  -0.745891621518682606492516769699
  45   0.296219778458078110328968667196  -0.812926977108981746422116394758
  46  -0.720235284442018265991807149528  -0.468809563516951591839032214703
  47  -0.158863433978279126293170814811  -0.295429907128551888956704597268
  48  -0.403973008330038855536850995958   0.754939652693846466043005531287
  49   0.133590944300599925000508233726   0.515368768597273424892887976585
  50  -0.145201990626623855560071380223   0.616379610364587683603246148133
  51   0.536820476708772908484130353680  -0.655473092553059151320948127403
  52   0.843644362662388681932487116917  -0.031921524994784210991360846446
  53  -0.034434685290038807458680700450  -0.022975349805782729180205917815
  54  -0.460590271709515177172557094022  -0.317296916179349760813740855066
  55  -0.409864563428446717965201753317   0.446487271535377695536953055082
  56   0.092249484719612024565791480171   0.827138824816039922228707524806
  57  -0.109084798934251939187984035329   0.297931645588907265685522931570
  58   0.563706366876385059396131486260   0.349518592605056063783309974347
  59  -0.739758730155754834202997060418   0.358384194078002846106023191423
  60   0.508743004841927312565713679113  -0.051372007239248251408897647846
  61  -0.244183463333573716307695714373  -0.607460196333636357657587617054
  62   0.339902171560003432367690179842  -0.377139921055201868469974486056
  63   0.235515679501761465186894231846   0.195761839567716848680799757990
  64   0.424968426257734960634518321733   0.687574949445223464887796042344
  65   0.720187388949419550195364335721  -0.360353230528194329277299605888
  66  -0.631412556477167274178689958286  -0.000000000000000000000000000000
