   1   0.048039372628000000000000000000  -0.030746040906000000000000000000
   2  -0.627317001493000000000000000000  -0.732587321542000000000000000000
   3   0.665103439982000000000000000000   0.727015163859000000000000000000
   4  -0.965355124644000000000000000000   0.170582501251000000000000000000
   5   0.883886808102000000000000000000  -0.412463805576000000000000000000
   6  -0.951497160604000000000000000000  -0.193101682747000000000000000000
   7  -0.230604539751000000000000000000   0.937881186451000000000000000000
   8  -0.346422084564000000000000000000  -0.896469414689000000000000000000
   9  -0.678064576890924302211224129309   0.674894692670547831220145646374
  10   0.586672736755029570983920364465   0.749575867372321788779298756241
  11  -0.667220280358000000000000000000  -0.671838508628000000000000000000
  12   0.176002164563402728462331311430   0.925668851823594521730249280450
  13  -0.897972895785000000000000000000  -0.267882546343000000000000000000
  14  -0.891871331296477933527770105170   0.272614491367786437660656471218
  15   0.012322051777000000000000000000  -0.926934231859000000000000000000
  16  -0.125459113870423704941450944058   0.331160068301770250799117109831
  17   0.915315999189246331517825817448  -0.072602687829153405938442496182
  18   0.908352945174082245227299593192   0.095683821675203311389402856872
  19   0.015751827928622142820711296347  -0.745752351154160832839738529627
  20   0.769123786450504612218255752812  -0.474573380428026317614321749962
  21   0.409291754145649368464139675956  -0.800360193760466631339176406321
  22  -0.326695397293000000000000000000   0.832223247764000000000000000000
  23  -0.529292858529637956875486723157   0.714656542691431489469797968961
  24  -0.366181100546983620878190265342  -0.420464488831029365872217770665
  25   0.195480690068220246192334590138  -0.857698195228146344442428623934
  26   0.834361329137459663387543055796  -0.263038795647197013863663316878
  27  -0.178713753489451986254839380777  -0.851516027234186176182887372683
  28  -0.449783025294234964870777370654  -0.184603140268093934288508355813
  29   0.643975178071933071587643051882   0.570665087627415595482439444670
  30   0.582631660494908338583362793884  -0.626613721550907547045811342301
  31  -0.146467230575947229428126751843  -0.568043163349784287079142573390
  32   0.562653415344263839019580946435  -0.326906626671756524962796774169
  33   0.782820752597783845520316421933   0.306577701068191125891144592223
  34   0.060315823675926556179174876807   0.484075897933138809206941258126
  35   0.042800732913334306728283723028   0.152489467198110121804155166424
  36  -0.440939812635087308118354847625  -0.699356524972071096357556837928
  37   0.662675946896000000000000000000  -0.008844722982000000000000000000
  38  -0.038286984866127032700559394890   0.816235133030122373549817719929
  39  -0.286559536819347178599215383048   0.541160791053002850035698613317
  40   0.301616270483225395039789524927  -0.099064838767537109008392739699
  41  -0.684164431683502496361360558998  -0.419808786014548844635338853368
  42   0.337804656804629055116209991870   0.722323440963496522938839104890
  43  -0.663704451825783762998476149376   0.425067463619178967227347850980
  44  -0.347337628053364855839659864108   0.146391137472102651929976724130
  45  -0.099100576048185764866884826649  -0.205388583466972457932662813580
  46   0.402673513696744722240769102479   0.302265091153469781749276715609
  47   0.230376405930367559541776698665  -0.511629421321788140942763806882
  48  -0.769009599703466611808072528723  -0.000002106722588585952001223960
