   1  -0.087278549069540006652515333126  -0.987823418012611841257075873091
   2  -0.819816386793576050058120888676   0.556550597197462505458113700668
   3  -0.328502512013091435979889743890   0.923254030565508597310873225741
   4  -0.297621155718466605575418154453  -0.739489394030860902681903684197
   5  -0.114363544510378340426120262159   0.658772865463502260427365142006
   6  -0.786872316720531327804378812807  -0.546508655736980341598512336369
   7   0.274239910202814497273625616337  -0.930286231623805107629715205467
   8   0.918791470458136657515213899318  -0.273089684145927212374442289244
   9   0.494810615999854129329269043824  -0.824640623683812722761729161505
  10  -0.046332546466086796958747371661   0.954939301076331629342577951173
  11   0.775921612706712291273176705759  -0.553653061349431453250686642656
  12  -0.919781456415136958926617106838   0.233109836663554821519099344457
  13  -0.913259806592821587674666994020  -0.241645494741402112673037314041
  14  -0.192377024479678028471139800758   0.682390239965751442373651270853
  15  -0.184529768790475924047342086298  -0.421830169743985918200806482760
  16   0.919235267339644274125231949606   0.150461412572056486879981099761
  17   0.874008677728971497134103484784   0.310932846939513705283325326847
  18   0.420254458536950237880901982127   0.822241269056666732270309129325
  19   0.551507490109822869767485143820   0.735319195266051177491739401743
  20  -0.473873433961422629337701026102   0.029890977779697048726045544702
  21   0.409185705195832754500239205251   0.641417753153019747702531702096
  22   0.759330289772526217163081057029   0.191002424860660655693558629329
  23   0.358659271682654050422029843374  -0.824262240496754184826430290844
  24   0.253413348656070480022511468676  -0.652796230648102746981912959657
  25  -0.409660597556940953528826641126  -0.794201008483060201561119424502
  26  -0.696656749392488792359794687217   0.552636700942120052722009434700
  27  -0.809771267554151438276099395681   0.357338777364472310874431648438
  28  -0.184944867662874886038741269570   0.861233027848857725615995560052
  29   0.272243373251700695805641580404  -0.138407419357303395477713360622
  30   0.783993027227181464621855186028  -0.379395357105875325024716673910
  31  -0.290096647190533430226483124189  -0.588106351769785895327303194623
  32   0.126612612820002363434001176309  -0.854519107745408730013384539139
  33  -0.772301815323422901861820883204  -0.377426497826932908583509548391
  34   0.267265182544597477458793394186  -0.406410105138440675699013333029
  35  -0.157873331599941598065074586114  -0.836313263958054030166869303253
  36  -0.589958394521251839563733699758  -0.607510304553581694702178419216
  37   0.529617330807974105800887213407  -0.250722475768119221236928508429
  38   0.002926198165274490884478325039  -0.570070461793137115331625072827
  39  -0.225936034952918906982320382010   0.069172984765253414665352016650
  40   0.273906502643383432930956133545   0.416505588738002906024911224893
  41   0.111682484926543906468641226841   0.112439503843426121449314703606
  42   0.817875226595698047043391166197  -0.074933233938916520118039890746
  43  -0.434944703954213647146898702353   0.691655429652892448039540546014
  44  -0.026767333862506027798912310161  -0.222447282133332854153270886391
  45   0.542171040145541625918275896864  -0.599818151848141468546464132596
  46   0.484834807826796988197148950449   0.099570369142371729570055087642
  47  -0.497922252712594878310480102078   0.313942662578767150206023894915
  48   0.645034221506848369515112906450   0.466030398925197718771978675278
  49  -0.105635296038201483971397617300   0.427726814300040697666609381095
  50   0.135086859784836106802153730115   0.773384017359055998964884961833
  51  -0.431672904977382220641711328548  -0.269233737529946986436770530241
  52  -0.778753274758996446567505475394  -0.000000000000000000000000000000
