   1   0.679415742194220565442179828996   0.647439534219709445542247964016
   2  -0.478738517794293820087774942564  -0.789667800242123741391216059183
   3  -0.476722770227535347080226830362  -0.214710154571912756713907370537
   4  -0.418689136453735933084624378578   0.865650347932093228485256140339
   5   0.438237701033716800613662851094  -0.843083104042159199899359378643
   6   0.630837003888796100441880360401   0.700091403692908146118379937028
   7  -0.879787609310949508188535605107   0.310705343268716899630200547534
   8   0.751106111578306649817259324981  -0.537256758944502066864812225859
   9  -0.844307952519995104235089727328  -0.349148270988487054551237166551
  10   0.895301833505834715502387942826   0.127558585245954298858862175609
  11  -0.019691428621351918874138284169   0.174935003532888840274267738452
  12  -0.099757177806146040484851422467  -0.879572873303094973968284372496
  13  -0.329002550158552620318587283975  -0.811488414557465285673362442571
  14   0.153630567850561698984567176125   0.852345569109560322351518797117
  15  -0.505948068265994150388312362265   0.691110753029728623826508721773
  16   0.416581654659269301450239727609   0.737416063361135908577578155040
  17  -0.702203951869609347435313847227   0.456202306916930591214723901529
  18   0.524732413769316676570136111301  -0.640264041425914883064267524655
  19  -0.122200739800965992900952214357  -0.583887243190693781579899474985
  20   0.191583904227552306645685020225  -0.785664812820520084248720581813
  21  -0.173282138586899187756287759036   0.780107119967949150843559407203
  22   0.271557660710702176992587857063   0.053197716593952702855085457132
  23   0.235195668141117885967727296926  -0.375719469496380008324756532857
  24   0.139945480803829080315824107622   0.473075186764494860839268981422
  25  -0.313528786756196206620051278404   0.354508334130152653140769529373
  26  -0.550480287369400543071999689643  -0.511284146843320461894289818702
  27  -0.185649737892586557872266440869  -0.148464367703170526372103784584
  28   0.627192009216853383092768036068   0.373010079133803478409682764252
  29   0.695795551085275805339897638764  -0.187675032422833580048364667471
  30  -0.710291794364996819758066095219  -0.000000000000000000000000000000
