   1  -0.174543114742733224128337188925   0.959049870191285629625750517531
   2   0.762050534915000572245818153769   0.208748680907026223597218457869
   3   0.625718209180958712124845206899  -0.753514793913802481341234175594
   4  -0.013827031025003121186983381636   0.982964698408009240110664537002
   5  -0.414430569988096812863332630641   0.887467041925951070104268835870
   6   0.929242632614854211455476346519   0.311899261586905490732867273445
   7   0.564228964037648452164153446913   0.792149525684807047052315835056
   8  -0.038813191282265362208401245148  -0.979901874154816376254125564248
   9  -0.078279799633780257715123652693  -0.965730022692874975390688340753
  10  -0.601875123762741881730962081685  -0.752157679626532240660904192484
  11   0.316644739419026759376407313648   0.921487767675968436108098178387
  12  -0.456842485786318004926390171443   0.067314070459686056541677923700
  13   0.922423524793596283946946655852  -0.299522662534866962680069391505
  14   0.930236237985339654399335582488   0.265986948097583619003602254693
  15  -0.054471013889969663876643410791   0.839056689183586469740570366132
  16   0.774764242755671343310783975784  -0.572391152132467864246576998540
  17   0.401224906018037803898700287914  -0.872236600769499893177752171285
  18   0.787831020870539969360354580040   0.545662715288096808355297128696
  19   0.472708651298252644040549756286  -0.830310710793717038336977159786
  20  -0.458402002060967673817814331527   0.836751605194970433525110889639
  21   0.374158731022802308722390701165   0.875166173645505286058157269531
  22  -0.751629026551590661312561008809   0.579683576946263469520119701883
  23  -0.923593563061138008085104782858   0.209258009310524149115472037268
  24   0.233030845814357773017090124933   0.915538948073347427104874731640
  25   0.550490778022333209026375317910  -0.765163809286009858487102174383
  26  -0.783935474236147192476981601039  -0.518702279999135439191363532680
  27  -0.699163056197110451481977129427  -0.431425481825883159347956068174
  28  -0.090835658976919979082072643529   0.931305089083375417575504756737
  29   0.293860235173889790042527045643  -0.885936362957213397401097492769
  30   0.467900504955407837233400831431   0.805033201288360619309101740173
  31   0.926986133980428874267043164523  -0.056428454177193890219872472686
  32   0.898462269814129831418987035640  -0.199035871435487345444628708425
  33  -0.890205988479774540144282514152  -0.247216984926741875171983003619
  34  -0.834726097785598870828682463626  -0.390667858984104109148250983935
  35   0.363369150455148053648245932650  -0.385433675644119618208112223746
  36   0.452039053865580279555443613692   0.206292316557928076528137734285
  37   0.517523654012163922243994710800  -0.445047807690895500413399917803
  38   0.557117371614739172055663759873   0.339764102181242289855591571481
  39   0.197482364551902181763615677957  -0.422008867798909648065049202927
  40  -0.123197182067434862645968078925  -0.701350772152621044585315589424
  41  -0.180742465382800963336288465850   0.313298593787397713816243371251
  42  -0.168579471095019935516973392316  -0.887459383278840862960133659155
  43  -0.042804516323316919648316237889   0.178557305761779205972121453565
  44  -0.569895628373006491868541470591   0.135936656416652716937399610452
  45   0.072481063577929447526787911123   0.893765887899198924979164338163
  46  -0.702793461749025698538648978413  -0.262915931863353352781246500549
  47  -0.646459218209748003174961102884  -0.614775429554834460943034678073
  48   0.636176438683499331778492524883  -0.621151618660829694282769672926
  49   0.641252465610445923207478684206   0.158637990492437391628766953773
  50  -0.028357658585448735220487031621   0.692069227772825760898640614650
  51   0.513770333536880664293905707422  -0.239683984120190356297215456820
  52   0.871555060994140175063675838484   0.126107164104279861478257391690
  53   0.045845644243987503514903034221  -0.569005307941952818854815814492
  54   0.465101157922216631219384294204  -0.003336374428556065072473152642
  55   0.005037569707748446780945247954  -0.324402875748150435653113451925
  56  -0.226217068697356351038800102034   0.532286147534575635067733303904
  57   0.349244878827903062813708914515   0.405695160077941234936755017068
  58  -0.195894365380144539589865569035  -0.488456247187154883255709013700
  59  -0.015863446201702716286112342042  -0.054034170237280621493696245985
  60   0.780482722010315196995664306682   0.366538707024913732522994701077
  61   0.717023426724200553827732708108  -0.082236602849595730823049777974
  62  -0.241005276708721375558415048463  -0.216708520266893876978849043308
  63  -0.508944696872250287083094712066  -0.102005146423587696908656679301
  64  -0.420878718268014145034896286818   0.334073568279666370692532836104
  65  -0.265358230293388179307517247615   0.808348222321889225746375656255
  66  -0.271910000309541386831653538779   0.075492691560842807436293151061
  67   0.077736727948026406506348541551  -0.842619598846878789336323760190
  68   0.247328422882032346161130901271  -0.179425356511402008690959288035
  69   0.751617241677576105323368289790  -0.378646819781870256655516474457
  70  -0.477837991306905276629433252461  -0.405725104721262772483515167669
  71   0.215857465472464647875506819957   0.138841779912334042933207866272
  72   0.053703608138878215232564914080   0.424303953247815669083060640766
  73   0.580164048524422604466866305186   0.596942416309992095146837500277
  74   0.256290853851037776394812833562   0.691685817247843664276057118913
  75  -0.534312234272493227530995084773   0.632312092628579865853345013363
  76  -0.388080192777592035374172850809  -0.728633313922556040829777393493
  77  -0.744036555635896579415923189636   0.352331493355127466351387764873
  78   0.346290996431832496062002993519  -0.645969316099548066968841317727
  79  -0.818542142803021410009041785394  -0.000000000000000000000000000000
