   1  -0.662324123740572657716208377064  -0.710911811386071578706031882210
   2  -0.384121737315865636167414716508  -0.883682284504176213317884110147
   3  -0.177252950911300717090619245770   0.961963105353223349488580056315
   4  -0.015189595372749666853460581525   0.981460260742187331348969800714
   5  -0.933198634538388103253662253036   0.289457484548762803149491981685
   6  -0.904743738239076799515340706211   0.335272685711653128974355934025
   7  -0.956054936095856756945253119632  -0.155617451995754941547843636906
   8  -0.372445781443437143084365330708   0.889736802917428526259181490151
   9  -0.109365203738790603589503724749  -0.953937702971782412395125536591
  10   0.196567364323442520032718612882  -0.935653722912934718426399568717
  11   0.502784214899289448756975120600  -0.808031875070013767367805922196
  12   0.491728062782571300124430639931   0.809673039937737710188853855597
  13  -0.685054039144348023678915385183   0.647893437006808719471736167228
  14   0.791560413530964841702717254656   0.504215884731368195149298753585
  15   0.809186255751681808305048127731  -0.466684407384427175522891437001
  16   0.928730804545957220360424472667   0.043006890987656960754592834741
  17  -0.085880366406841548750958365854   0.921340008644126169692884904430
  18  -0.800300966983053957192309576212  -0.455688645317994389488560449405
  19   0.072052006528073569216600328896   0.913713193201219157040775020559
  20  -0.697826444925187981194307335881  -0.587426282330298109528119042120
  21  -0.245876739506124672282959055384   0.873832185376283776020157121870
  22  -0.902509161749621827066420224381  -0.039503525079217639585513719020
  23  -0.332853980894803667607587002259  -0.446908343706871668164309938233
  24  -0.357664312846768499590349829501  -0.240657722602587852914298293961
  25  -0.874761746351388349113743478029   0.165052902089823312766544748170
  26  -0.228077063246557738028732862895  -0.855938671189513705853079793924
  27   0.266111434383314424796660469989   0.517140887958323315363176882478
  28   0.414071466807745855853289220325   0.326189779219280765634253918626
  29  -0.829823362931071284700939588965  -0.251380840535764472132204439259
  30   0.387678753655807760216446009308  -0.278134700685479493544561785547
  31   0.318382848570307060613578802344  -0.803031226592610415594056092846
  32  -0.156106090384662051534652445969  -0.611573702310080751521456533791
  33  -0.118935835383537243105023121198  -0.325521373231580095841521282145
  34   0.034246479331217817530234544165  -0.830778518718359307006827358285
  35  -0.578007131721258729841718125035  -0.377669686946393296800615023073
  36   0.281534030977729656994594811400   0.793414487654641718057821759350
  37   0.127177383981832687546177672469  -0.141258183140353286192261280817
  38  -0.194082786245108993112795559702  -0.022681219609011171894165158246
  39  -0.459086330763058241828176945064  -0.688194500303686464713892331027
  40   0.420205770513561369571844659423   0.027588430829487327571604066016
  41   0.565293924342751242036296772611   0.588820689528392728649504725966
  42  -0.446016604322281830990627253851   0.682758919621375012622351776040
  43  -0.693030727362511220212699417945   0.402063939131186343440389973451
  44   0.162722118750902217636440157980  -0.512720762213677374059241580653
  45  -0.314490729579531925310335417220   0.323993568854392672300148040512
  46   0.559653550782197311945822662748  -0.564225595087296095424322064016
  47   0.736482965059521117254390657482   0.242018766481741864933421300838
  48  -0.052959713959402590268275467498   0.637756477410172744975369419807
  49   0.088549020105869286690569097823   0.234483993929079498537954771448
  50   0.752220205329694407354831834205  -0.186937633240375077676207321041
  51  -0.584327075267216971344319361291  -0.000000000000000000000000000000
