   1   0.032518744200000000000000000000   0.046440410790000000000000000000
   2   0.689954241677000000000000000000  -0.710594004121000000000000000000
   3  -0.051519820357000000000000000000  -0.661429113864000000000000000000
   4   0.471827988109000000000000000000  -0.018573502954000000000000000000
   5   0.273410511225000000000000000000  -0.937236516617000000000000000000
   6   0.917482949252000000000000000000   0.320671190070000000000000000000
   7  -0.054349583622235363704505018170  -0.965740715484824109631771362539
   8   0.734822189841000000000000000000  -0.620999544176000000000000000000
   9   0.785152647330000000000000000000   0.548429524233000000000000000000
  10  -0.672868019029000000000000000000  -0.674761171851000000000000000000
  11   0.424769643955000000000000000000   0.847412816193000000000000000000
  12  -0.640715802268000000000000000000   0.692913422466000000000000000000
  13   0.337819252987782579292659315765  -0.876451363128331575484149166655
  14  -0.895854314873998474674525597852  -0.266433998432105221018612955455
  15  -0.888415103197392089122763832275   0.274872529678278345105298185559
  16   0.178137554618172773706890798490  -0.557370857539682858803492252523
  17  -0.312085630301090282360380850726  -0.866116738895686593290166073082
  18  -0.152892318455075552194079383924  -0.903106522940017841893160255549
  19  -0.216146072236000000000000000000   0.884752950904000000000000000000
  20  -0.033717437251000000000000000000   0.905732303365000000000000000000
  21   0.879611359078874195250419136550   0.199502799396370014175114255408
  22   0.849416959874055814750593539232  -0.289150133516601250270002049449
  23   0.754664041152204965955353304065  -0.476695052852611369579469369310
  24   0.796501613777632504475703791408   0.392468939061576004786759025441
  25   0.180094723572000000000000000000   0.522595529423000000000000000000
  26   0.307187877676000000000000000000   0.302617117996000000000000000000
  27  -0.199838538206083695228738391772  -0.694059678678495728078350649071
  28  -0.311504244458958613020228520286   0.440525168111439458947351177735
  29  -0.451329675947180369924673452439  -0.174054035106423138672012201280
  30  -0.027886881331970986932226376115  -0.490939328052945503754791318486
  31   0.852018137405099516348844276528  -0.041709468630130816948318751405
  32  -0.475066211872542956019314207895  -0.705564724411031303592420087428
  33  -0.324033456872000000000000000000  -0.440842235224000000000000000000
  34   0.222604162753673358979780424645  -0.328018130240419070414924979503
  35   0.206291029908533956574648048850   0.810753609873392517167952604058
  36  -0.415839196293734578040157842926   0.720531056780623640849887800153
  37  -0.084254884759749611732498269586   0.641669124564500704233130267482
  38   0.259819279370515948744496772729   0.006232759594903428103622984181
  39  -0.383555921700896345995147570390   0.136116431815138991065598297592
  40   0.100296012673843980520485730431  -0.807028873470249397365762816242
  41   0.590514165627241434739327492818   0.169600516206786130830609676164
  42   0.559525009109044787875178520236  -0.216681266094507438126981637740
  43  -0.679292756729425923329090759860  -0.421115415137519370992812713703
  44  -0.019229376462075133236924261459   0.268541543159663882512303274844
  45  -0.651990102329705293341884826918   0.425138791073655185529301515352
  46  -0.102448709678179430787805153874  -0.144021343825642102923182156274
  47   0.464133208031766298091616955646  -0.626400680819698108256464504786
  48   0.516498195817452924758248175135   0.578491995786325455030581546460
  49  -0.771221462273051682038450760931   0.000000322296954773666023264711
