   1  -0.954162263841785240001601587609   0.122629071518903978977743280388
   2  -0.827958002811090715170812467919   0.518917871967693844918145418778
   3   0.330855832303282496432886788863  -0.919820520969621228226718211422
   4   0.572889171532849090071936239388  -0.778452067599598906577059797983
   5  -0.396846411943420627905144287400  -0.896519185753019137650008382917
   6   0.362401640032850184396317287202  -0.906108801720074189396798947693
   7   0.966773666236377890598204447152   0.138681740972097947786495387082
   8   0.892080636684672018963372804176  -0.374821685228380096894277390437
   9  -0.344419693166070399198412405864  -0.899389213982897202592101278580
  10   0.609425908388551304115814577512  -0.750419085431178962506828774978
  11  -0.586949150859747616066201308867  -0.763924331614311742543662769006
  12  -0.282373810987247641397666128649   0.914787867771684940697185984019
  13  -0.808582859357681369922123041889  -0.506500207115851732826662242106
  14  -0.572288284888170707788577085330   0.763292793726474245732765439515
  15  -0.839467208744118865819450768423   0.445711460183993255503254394376
  16   0.113353677501751260425192939504   0.940685953985753187603031529748
  17   0.136383537535350355429435064753   0.382207159708904844570484495811
  18   0.289414227243093764361589500577  -0.578746769085607971996527695598
  19  -0.599362730063375669666272035114   0.268976355381689841218465375567
  20  -0.003112383751984804660771788561  -0.034059822543109933410201023593
  21   0.631012499528755770534215426698   0.684643486228948416590714363928
  22   0.518287370620548607259384578692   0.769539584831754264866669057030
  23   0.499838482503534861007816117635   0.621564606237766351919497933009
  24   0.241316068172986591645773886591  -0.889068689701377587568244101867
  25   0.071366042351797178305400566665  -0.915006962176275623840031690678
  26   0.799973959226764724546671044398  -0.443472677172748299726753702999
  27   0.910315933997918800526417785856   0.038969427507630495551295284427
  28  -0.007136349555213596462332227869   0.346990340559895959263966364797
  29   0.877647494557401243095592856556   0.220107785846019375386467891888
  30   0.627447486821568048840195057337  -0.380145693372458230172746582549
  31   0.127660766028431571935260117925  -0.138520141696665099264219724731
  32  -0.432609909118309686079815669752   0.286301611490393690111360766012
  33   0.470029004327348716523181627761   0.224158759097475986820483572200
  34  -0.439490522197259549605734915789  -0.772097882909468161532811399005
  35  -0.072075560976216522705020397178  -0.542165713081758150267010109026
  36   0.432003532992711495656545004711  -0.473511260078130256102982311535
  37   0.642225732812569529239678279315  -0.599530111100808971132169108401
  38  -0.875038237590128788459487041705  -0.021035019195076157421603565695
  39   0.069291509202014000647509789566   0.553304647393388636080196436980
  40  -0.478677991703413903048101236890  -0.327587371315806447628426989134
  41  -0.391956605341768732788122360409   0.771599690476064727959566363534
  42  -0.324684869615775985690747476122  -0.550367317603973082008543680895
  43   0.129793814875297372913119887155  -0.699567485705244379914828505517
  44   0.680393657873925684530896313534   0.084144911571192710045226944799
  45   0.415160704013161778627339600978  -0.743963603411438678783463026610
  46  -0.812198424999550721547673289874   0.247379700424924248433227612169
  47  -0.619140719427197379017827464683  -0.576164712687472711564809864430
  48   0.337122750621238233477899182044   0.454375892004225565624881703503
  49   0.163285552723435086065937846515  -0.398637144799474806209036117219
  50   0.812991383475669253384840530798  -0.194394668759769145962785081447
  51  -0.778032219579824095911560031266  -0.296537204182709088351566913382
  52  -0.160337244084803550296978080468  -0.813699040350900195223459288326
  53   0.272350804669774716266219918302   0.779448994730348233508468942002
  54  -0.081342118145729938331899635377   0.818751284372090260528945276746
  55  -0.237583042123179412929881985028   0.496958150954530347606552889640
  56  -0.185122070568688295832250553516   0.136473990860383724299685664170
  57   0.185638307777052191809121140674   0.144400132119813818253813844334
  58   0.685321729857208448864842232528   0.431132127464463267211538561542
  59  -0.610518990405452503912163819338   0.526786335598737481601006036034
  60  -0.161457101222018667781569986491  -0.243480287587925376394713072560
  61   0.431034970389794353645907051843  -0.155176681577077051821199473471
  62  -0.547531561538355876422758240426  -0.000000000000000000000000000000
