   1   0.125024407050167666549666466869  -0.313260966370120237618737449884
   2  -0.889204831801558739998086143976   0.388344390377332376667465401002
   3   0.553586472057637875345738442713   0.463935283347547280758471366350
   4   0.153858177098527074886973934899   0.567431465669848163417465572376
   5   0.088915849851801300953054484944   0.957653999949245024691434766279
   6   0.669941537188088138956261684130   0.671201856611096424760320972465
   7   0.329140435144420181675614992962  -0.889707416229591096265772244326
   8   0.897609721661478457463812177367  -0.280837552568546977753495033763
   9  -0.885556753173501739589888753215   0.295303881069583492963218192534
  10  -0.873967922758896520825302752439  -0.307933641235341841347244936533
  11   0.194059594861710576855567930976   0.898584451530674117324449804459
  12  -0.587136320558823769220644965543   0.697817541833485725982384333444
  13  -0.431607706365382143171161993902   0.795025816971177040469342132213
  14  -0.424953294287446610490667625189   0.595716623007524478677188914176
  15  -0.479576869483027219105499101161  -0.749648794927261722998377851010
  16  -0.270059989831252887680444205145  -0.840287670107257325375649294851
  17   0.832709929021376387514443194071   0.269654215705731669511538152459
  18   0.712045658750236414985464820288   0.496307667284923819812792472399
  19  -0.019525489712467578891998241273  -0.399248900374682112833244539577
  20   0.485672631847426642315250921468  -0.144760003884747895419888683373
  21   0.458683354090374498905614589298  -0.710787632813601588915703825244
  22  -0.272788838670291934116491094046  -0.561520434654202354525375767459
  23   0.129553782634609892200609452195   0.369629405432270202191606623439
  24   0.300963182040012517378823988998  -0.413599462685765717810513582988
  25  -0.684943112059027207134091570754   0.444606527294268367200247000066
  26   0.808012175104895680569385098817  -0.044839744514087654895606252010
  27   0.675016098329925199162509077548  -0.432928903231026288361532274254
  28  -0.309437348221716571213547764585  -0.196475898861835808577609931101
  29  -0.634534009988471560275546222075  -0.465965095125003950907547342346
  30   0.491209201583001027772353754746   0.222014778165863036750998523703
  31   0.394268805932247083463053131409   0.664366919185664643423899919843
  32   0.073209032843287291519237638786  -0.761727451755195806556996840233
  33   0.111006406683503188906249470193  -0.040786270585797813387722014312
  34  -0.092214982920523245089254776154   0.734158402678009408958396542451
  35  -0.282955522795134763671313932018   0.265262428016632396427730826206
  36  -0.735892071242749549923035462415  -0.000000000000000000000000000000
