   1   0.034788038280000000000000000000  -0.020963698104000000000000000000
   2  -0.935765457415000000000000000000  -0.317140812936000000000000000000
   3  -0.704546018467000000000000000000  -0.269514039022000000000000000000
   4  -0.231138325458000000000000000000   0.398741683348000000000000000000
   5   0.955041536257000000000000000000  -0.172973498241000000000000000000
   6  -0.128312967928000000000000000000  -0.955562139436000000000000000000
   7  -0.926138178937000000000000000000   0.245645870582000000000000000000
   8  -0.921617365698753621714033236845  -0.242600495135910752026895495905
   9   0.701214920048579775285807883170   0.636889337829397308007854309114
  10   0.904641912310000000000000000000   0.260091572610000000000000000000
  11   0.592129677272000000000000000000  -0.724089063195000000000000000000
  12   0.894523168660761546210767267367  -0.253319959721248755960516839305
  13  -0.190108677382000000000000000000  -0.489107774562000000000000000000
  14   0.543135654052436730491360371640   0.189231937241352636546569012531
  15  -0.725108282918000000000000000000  -0.552679244040000000000000000000
  16   0.083652431753827197936525585058   0.902398102972753496609949320024
  17   0.271897432302573398601117906711   0.858375088010780727871129192707
  18  -0.578535342243000000000000000000  -0.681985961878000000000000000000
  19  -0.681358301803746354486662349679   0.570547691354842568316121884351
  20  -0.806376061590790572732763000702  -0.359379060539750950996287348704
  21  -0.796691775998626574131111902720   0.366562919194064828094351122132
  22  -0.196840011910000000000000000000   0.549272967458000000000000000000
  23   0.032845765283615594347924021576  -0.864635315891772446055171331281
  24   0.252165411021805883075649825440  -0.406228465140714580149609763487
  25   0.026393975353102358947698459892  -0.583510655164347008787435782330
  26  -0.152648188313824268913734621352   0.833826583759731431236577590660
  27  -0.349603595514457520379256477820  -0.009119974054945691350874653581
  28  -0.443237337743721298410475055463   0.708789258307064453392522078982
  29   0.350018257741902667013261853893   0.351165248276451723738892430656
  30   0.475639789735415815102228001171   0.673168781028568934169806814335
  31   0.709191901607394483573468091351   0.402692913201360262082161488223
  32   0.111610596267786953874648125860   0.620077499274377015428781340945
  33   0.333917955089091679592132667262  -0.734319285754676205672290910885
  34  -0.280777359715552304339428311349  -0.749981932918515710955359805374
  35  -0.457255628362030821640347471223   0.339982304489620735572808199695
  36  -0.055127758793319725060876094477  -0.235576766474982669459389788462
  37   0.783161798083888507282365757242   0.011255854000873635482222163414
  38  -0.466807869638190216931887034575  -0.371423845673819854675894315745
  39   0.341773305732875908097726770907  -0.047114223535286723793660109410
  40  -0.033563985829699600494084489036   0.223646681563625685369967947883
  41   0.632698555523778397490990717602  -0.420209280508125549944512461078
  42  -0.753723825192848010016981985708  -0.000000631721071361121501404209
