   1  -0.158101340693773304492138525085   0.878153768176704166490307081935
   2   0.690243569859042749858212575372  -0.434484144595627997062087332537
   3   0.368769681340738929853041322808  -0.487153197477853139635184933047
   4   0.061924679455950150663169654431   0.134843753259793627443689939806
   5  -0.162686872384162485729761687578   0.930384055892299577819901221042
   6  -0.902328966384955812452706716642   0.277427274678704025474338037158
   7   0.542654193902363829875520197587   0.760547873731599290543229610778
   8  -0.514266350095435134263506750529  -0.775250466256122605566535518676
   9   0.886468322570426697528857575816   0.252042412377634974716380291285
  10  -0.845561720177697527643044751632  -0.344088504351842961283854666583
  11  -0.441957084936095214432795019908  -0.249584201697934328926419908408
  12   0.698716183311460500352269814312  -0.558710072135940121329079422832
  13   0.805704567090946604808707495593  -0.369031099776437758139548479730
  14  -0.602852852266451205517339565458   0.634393329092079597124950629718
  15  -0.267392692565621614484756874267  -0.393882123814411667662247919494
  16  -0.752138653877310946065538085376   0.417462409297585275516339457045
  17   0.013020186277111176232040623238   0.851816634981273871381511430438
  18   0.134061150328886769216732438748  -0.832479923270072756711130465963
  19   0.316337535857710738755426248776   0.772212175822360900005405870148
  20   0.515939953051302581418099155585  -0.338350940824880832277466090818
  21   0.441349295629266397738280693717  -0.687618268354673252581511008090
  22  -0.309985731353454270081494917232   0.746564174285041774848371267957
  23  -0.415866428556358508705588621823   0.369148160513285725854311371198
  24  -0.600306003701313677922021530016  -0.510115475598065117056049510454
  25  -0.228955760635906167744169528188  -0.740188482697895293036126636350
  26   0.772901569918874625124872798015  -0.030894890653124679794152967392
  27   0.305499204288300498467023834190   0.012832585328046403478929797073
  28   0.106472035259169459964805414773  -0.422965603518042132743103547667
  29  -0.181308555440036265583174651184  -0.018353508349634380044879632562
  30   0.043969123858871420583963651941   0.443579766186088985968389168244
  31   0.587945247797228974192176916050   0.431734547160293837596345514199
  32  -0.721253905383648827013530691799  -0.000000000000000000000000000000
