   1  -0.243737541322751557659966519875  -0.957764017987333940501335952553
   2   0.782230837507788333868931149683  -0.380464244336357056652603002035
   3  -0.185557605598454109693473852983  -0.817805992773456420867273959721
   4   0.975636923680251535311858371604  -0.113963797011255675493889792508
   5  -0.713642752405864591604136709047  -0.440511360055588858899093395902
   6  -0.074683233981331523156260218165  -0.986000704848587725509265049019
   7   0.825845580639831031447207539439   0.181830850564345619034919805679
   8   0.803279466698324077274051197994   0.550053479345977295682187366011
   9  -0.069591145349073258995518675385  -0.821377140511576714922458714048
  10   0.138797317140622507526717295282   0.970331251299230976471531555564
  11   0.741837648266849202419985022805  -0.639000975624023072111395353438
  12  -0.735120062264139920499920320138  -0.386597541713881095118483737021
  13  -0.561165391213069310081718987643  -0.795320783012243153368109929231
  14  -0.039765703996088642830267768435  -0.972827232536801362747071390883
  15  -0.750404660415890005503290920703  -0.432804369076652705996146019409
  16   0.958533385784712255802377393443  -0.152664264822881208975334587930
  17  -0.607027345613786896812104120864  -0.755384958803023117046574025497
  18   0.005728075808292236270749803629   0.367717065449623309693436733759
  19   0.545062280886210123178576987011  -0.796666806643366526455075319670
  20  -0.947194100587936016315333485336  -0.177329717588021540232159429194
  21   0.588983541402925741621080369337   0.758983529766173681842026205378
  22   0.244692101557170356713853566991  -0.928416454199350551283615814760
  23  -0.453651367194199835563354782356  -0.842480986058704101326966261237
  24  -0.584829380421269266256578879492   0.320199114646514520574388933699
  25  -0.654808117691800494692363267280  -0.694680452424746839084396685439
  26  -0.934614277095811599689970012655   0.187580331191970122216684479122
  27  -0.466367404564797594324087259853  -0.150367481911142899157861630588
  28   0.428153876205568901155620334683   0.566924344245154161491654197533
  29  -0.702090765576649623453180623582  -0.176971771330651337160854350417
  30  -0.827602533012131490580953103994  -0.458371625128998020230466921893
  31   0.878349260654906289179986432015   0.345581846267884256280354227418
  32  -0.482640064317357813944036638802   0.327790336670424564833954241037
  33  -0.774761945229872791323367623890   0.533476821435156117614523407122
  34   0.830919969123645455860286434112  -0.437088347823464511165551598140
  35   0.758000114112884491039073128944  -0.550606206133206811730383994259
  36  -0.442536347355791897664576206304  -0.039494503423917097122227086149
  37  -0.372294295299894643651605921697   0.252083904485725217974317722531
  38  -0.234605147179473801441021190375   0.274256648881876597388750426349
  39   0.811781559171332513734970986699   0.453454947714023246804208675284
  40   0.901728930620513513653747927224   0.219587564275716361167596794510
  41   0.194696459365158331700542570964   0.741683404553071168056609687173
  42   0.074241242211672111064700254422   0.653560911974485849232639860136
  43  -0.128881182817073016569412270123  -0.260428396924836551695948424733
  44   0.234552386730783782397982493937   0.890517422331657635472866626383
  45  -0.671118831609979127110767557548   0.627954905937042436679530014027
  46   0.165908065345375992151411934723  -0.392412743588892156444232445185
  47   0.277307040105492090689877445771  -0.267602979748122251366643178910
  48  -0.136454858007587237276273504719  -0.903450031804824449473709376978
  49   0.672987660550704501254555534575  -0.176420652580715095205474644526
  50  -0.590507946340494941415147200383  -0.089080825117244810691377956636
  51   0.043706873354238841952689140357   0.488732808751681300129726090882
  52  -0.119248573136787203888989371131  -0.089880473172237637896659584425
  53  -0.119586752617853590064420184291   0.393033735942149825245755960549
  54  -0.311140071820563931230744226743  -0.847606269707587194290817656551
  55   0.426803414295747088768388546433   0.181717031146892984405198701919
  56  -0.079913204584923785695271164365   0.201111305039971772946126393795
  57  -0.704967604004266997090172940467  -0.555476206810554192932961834771
  58  -0.223692788449079580112588158477   0.867335272634206600477415376748
  59   0.040305362710543018706389450631   0.032102476645944425155202694291
  60  -0.567386585310738373829682419140   0.470219039170803132539998282407
  61   0.849260398552563155466812281118  -0.267267480832209390641270992003
  62  -0.307636684820768604880492927534  -0.170643316169830534839331239278
  63  -0.027808570379956329903633485454  -0.422112490055510325994484241654
  64   0.470680224988899359137639956703  -0.218230246831347878853640604855
  65   0.427601824241966830317240646425   0.399712167128616681368443659649
  66  -0.833681646460088024875854146873  -0.285872360335575453180799719120
  67   0.246040067686148864482119323397   0.552560550775008570181114170428
  68   0.597394446708312558543969342215  -0.643072634121655636505747958793
  69   0.561722088795406894390354397707   0.004224509885146700818270527195
  70  -0.335492991242577708588462520169   0.440915388335200805885587892888
  71   0.135190514001923514146042451519  -0.600521945226875525049985080985
  72   0.073898011239401264655220353165  -0.201240433554811940522825306760
  73   0.643473846197087823480328597422  -0.393779962112199575511454440483
  74  -0.273957573119452311360627080006  -0.412838520259429806218156212647
  75  -0.278225691511187728139165506672   0.074031620741174852620673677284
  76   0.082108096224159151726724964884  -0.859440045777922067946476498065
  77   0.018961003500733942605932608371   0.861346652650950692908381651458
  78   0.408298733082128651563401988752   0.756620664315408641025777262194
  79  -0.547427822591768637496347775349   0.138823026614335112547841009672
  80  -0.144078436213004167204430008063   0.630907933661407371334847947356
  81   0.378777363752339452902582824145  -0.475041797156234050799110072477
  82   0.630488669134032576002794198877   0.573891815343353689738811662127
  83   0.290028416271026624722380390087  -0.025302151736164598688700300629
  84   0.355794453134639126007217489148  -0.770817373901756014517878456994
  85  -0.138007839327025707343450067399  -0.664323360864657520152022096845
  86  -0.782606756724063564871860242800   0.319660729873376310345914916792
  87   0.843574603512787633530305697088  -0.001226776147081206005926184463
  88  -0.457895549529725128141762138793  -0.638685607312748126024682231491
  89  -0.559364773891095465173638913860  -0.337052425429037961894302125930
  90   0.672969239896236687927006251426   0.267570340580104912323418395586
  91  -0.441007464120623612893985140243   0.710668617020339635214497779005
  92   0.177359077709476086881972510216   0.269088930606216313377785669865
  93  -0.831694495576195096927430444097  -0.000000000000000000000000000000
