   1   0.924605826170545621072622749400   0.314310854682292224388591839850
   2   0.925646919432273144150191535787   0.352408948090375219607662755495
   3  -0.327319560936773568363287369895  -0.928314650302660531185396881081
   4   0.973333289224722780940908444577   0.063399629348616830662651985625
   5   0.958143677232037718195156911033  -0.241689904268928609118068688285
   6   0.514835690269511393719783237353  -0.839932090373832017817842339137
   7  -0.938471323548523362469360643592   0.275614093383863030324700364583
   8  -0.190095160358777566923244927090   0.957574746098672021776471111594
   9  -0.037202862544761686658200051048   0.978614056414554004214943868895
  10   0.633648041254458345194794927099  -0.743720472137133236262435694702
  11   0.297067445640636908080321665000   0.898825998392332874447798088854
  12   0.555576787793824189048539774660   0.798182914503602203670367388586
  13   0.931241244463741249561393479927  -0.272299956449414962475832487864
  14   0.794758915619747240029498424520  -0.546082266423869847041997639704
  15  -0.042508014390509427608444949651  -0.964919271413747056477939758000
  16  -0.282630240768138856995131309971  -0.921379220150010446720908214644
  17  -0.591088276105065103812928489353  -0.758524510978887470548949559085
  18  -0.079995353423030578950879057243   0.838647809905807751706222210754
  19   0.777993033156394960300013556752   0.557504787123051865263725120203
  20  -0.460972851079995024360721413254   0.835777379658836910495173127004
  21   0.366484534114980143914796106137   0.878900686866153022259571133678
  22  -0.753060444915781598857232356308   0.579086483025658228593689343630
  23  -0.924512071555863451165194224429   0.208326452960036364803430522894
  24   0.446758612290921614725024808746  -0.833027926011598156262346531955
  25   0.218097975991328716497867068427   0.918031782925379519624252669869
  26  -0.103518963163441458464731769654   0.935180879737264347038653180058
  27  -0.779364483186485610019373979037  -0.523873085837442507890138261499
  28  -0.696658307248628301747864420206  -0.430331440592548281447807505920
  29   0.546351330946459491737590911397  -0.758218898271609562303657892363
  30   0.457881317323793392954065357295   0.808931306146846859298832552037
  31   0.929610803904241694049986084357  -0.028351988899749713435797189216
  32   0.325196600918673473441588555497  -0.868553813601678910164098228054
  33   0.906392764626140054744468653365  -0.171469206800841483908676770584
  34  -0.833429034871391199572374241697  -0.397277139854225187585426316334
  35  -0.886215055326648704655519777659  -0.250786751522991974271701083443
  36   0.373247992791704729172486540350  -0.366151777807654611672152030803
  37   0.448948983071509824203316563906   0.218924831415935718102625895959
  38   0.553124206792161233671718560127   0.352316413416259040205579881062
  39   0.528663062407305455417458296111  -0.433717535283503167351303652832
  40   0.205192723046367021049338334204  -0.401970638860880189901472923782
  41  -0.183128324995680935495519262704   0.309144594037306255691688845608
  42  -0.108841558356699353278506897619  -0.698294247618063192041495642250
  43  -0.043095960153994202382934873510   0.180256005598805766581226165640
  44  -0.151438060828225337768855457262  -0.887884169533813136044766006595
  45  -0.561185021341703700140424691770   0.138039447401445773787053797286
  46  -0.703327278955905468316247418238  -0.263447138879446013058340078402
  47   0.057704574287804160223857868491   0.892071851663488753177997475655
  48  -0.640297182650256996296981650613  -0.620341097672262767714547005245
  49   0.638864387406582467536747748788   0.175697053444214820180234858046
  50  -0.032573445415213107463314371955   0.692657677904212534512735838775
  51   0.872502498722138192275730458426   0.147662737554224194531952113185
  52   0.643946690238544766660171485175  -0.603662769577073100488072910797
  53   0.517590543950370258283390893286  -0.226398843603760607490676263223
  54   0.057375583270267901276611161506  -0.559154977019802601837185034024
  55   0.467683692103194951062927927767   0.012157688807934716467959502810
  56   0.006444375234566062873674691450  -0.315759509367242343394005866884
  57  -0.227279370009324436172842073148   0.533262605916965492780187246843
  58   0.344169573796977295299277752252   0.409511045757590489079589000735
  59  -0.190375319824246554246201309113  -0.485450935504374306601689020469
  60   0.776992063107788001079588834060   0.379230218302722804518984075092
  61  -0.012068971568888447730241589853  -0.052378314316020057537616953798
  62   0.722219618987500679623211179817  -0.060518201820005367065086595657
  63  -0.242453979555815899806436630638  -0.214934378160010962818401015018
  64  -0.418740158241671147415271508891   0.338574893067170863116897121492
  65  -0.509466640316082557764028971133  -0.104747473993935447104140544303
  66  -0.267622823147084379673090367049   0.807886214334305159417356384380
  67   0.253740419238696339703683783556  -0.165437071670246340515341085108
  68  -0.272289188551586319327348333845   0.079180758836117216797391170116
  69   0.098737914508808602940924273935  -0.838495902139560197908623732239
  70   0.763281897592306721778664049086  -0.355555644651292986002567339265
  71  -0.473871164905074326158270560260  -0.409584179119645800659222582379
  72   0.214114550997755661076772487993   0.145727881311881949224181455517
  73   0.045942027987836740882707988252   0.426422742278675368800289192992
  74   0.573394261229639273355592838874   0.604249961856541699557197953633
  75   0.249504597911705153214701524836   0.694560363159723376409608877950
  76  -0.535563304369929925687247416423   0.632117089658477843337954780516
  77   0.348559589069531440505888301007  -0.623687439404210693794603316541
  78  -0.378354172964331132421644155258  -0.731976776488658660645869053620
  79  -0.743171124880149933365316069573   0.350606253743687988356518862382
  80  -0.819465945413011789430425395747  -0.000000000000000000000000000000
