   1  -0.098535554100000000000000000000  -0.167245223600000000000000000000
   2  -0.275400824814256199395155611818   0.194869613193559502393713913907
   3  -0.277839484221133701366227390734   0.240412713502735946217627870731
   4  -0.592950349400000000000000000000   0.758750607100000000000000000000
   5  -0.849693342281508408614678908985  -0.434601660498391427914308437831
   6   0.032686249400000000000000000000   0.936153369000000000000000000000
   7   0.600790209900000000000000000000   0.717856119500000000000000000000
   8   0.761285270300000000000000000000  -0.528473297200000000000000000000
   9   0.272987679180006964257098157651  -0.876371796421698523013543029829
  10   0.416269910500000000000000000000  -0.248511033300000000000000000000
  11   0.064534381400000000000000000000   0.330315636700000000000000000000
  12  -0.827924773400000000000000000000   0.322758989100000000000000000000
  13  -0.877063926031126570669936959392   0.087506791762167600744744600192
  14  -0.411546917837779039913351447108   0.769110472445641518502842583199
  15  -0.687351709346345604522064882476  -0.522129329444864900262732666270
  16  -0.146566141100000000000000000000   0.841252584000000000000000000000
  17  -0.461885292639412140317040816033  -0.707511033186750558621618751263
  18   0.820331469398330970424117456140   0.160109393795277199544150135297
  19  -0.617530120817168441339093747627   0.549609451085266362060676708979
  20   0.667951096840503357006404692137   0.471441408218606297703107301962
  21  -0.781363945292114581652795928814  -0.207494900199586182457691698873
  22  -0.096327628664839518489046843744   0.068937550003926644142583435871
  23   0.117707465956128120494465092429  -0.287419647506423330426750028015
  24  -0.215847378690804140162363540281   0.483017670153427289621440182499
  25   0.738875139740099985821529198628  -0.223570314990244615714477584717
  26  -0.526728051001634660067426845380   0.149304265927580251125765821717
  27   0.450019192793260037705822640635  -0.599798175550463176629486549244
  28  -0.346837079467165210926960090711  -0.312187683528510477601645253995
  29  -0.043139231281114533650395285226  -0.734205775066184702543701288289
  30   0.375037714117589773977913590567   0.121851392917457399973700612038
  31   0.248571788917156737138515634717   0.672777163554464282039894793928
