   1  -0.700635054481094017302892563904  -0.711218795466037285132548179950
   2  -0.250057361882988606340491464298   0.964859421523369651732766779248
   3   0.493472677692518352626222862078  -0.864139446895390044245867378009
   4  -0.351726855463771915349907621802  -0.929140383141741701625143676399
   5  -0.955035642740574690029932154269  -0.267744698069811207468554644287
   6  -0.985465847114114223670390871977  -0.087556068481897458429119981539
   7  -0.976374356958752228548087233527   0.122001353994671483138780557418
   8  -0.947585349741459060799854777779   0.276032868902895882662796281067
   9  -0.544890381423754700130694588064   0.820971680706569699457700152432
  10   0.150064808489795330694285812075  -0.972200480741146410362800642859
  11   0.478345667796815453108250880495  -0.276474239883380952525682230263
  12   0.009744222880179825225470683349   0.752265312269374394020832199641
  13   0.199731516195355756327670304538  -0.150446306892235402553615275626
  14  -0.110954524631996713071942698593   0.662695431108101469102248099166
  15  -0.835160030755929866673633767647  -0.491695685784552910429172072370
  16   0.941170219116187845950335849924   0.250133633708395547496434481380
  17   0.811853589664339928186788563581  -0.529132569742464443442118656077
  18   0.658862548512600128430906128581  -0.708137942279981505644775461825
  19   0.968259879365111159411255884727   0.013197135508694080731518815817
  20  -0.701916811543256406354223035799  -0.665877174181436808234493066417
  21  -0.823910520366973591953148462867   0.503924508350478074878734386225
  22   0.926255225196542459686515611192  -0.262244534403547689988824380271
  23  -0.321557541940100531340043193133   0.906694322200718567323552512370
  24   0.380206692605604656359847493963  -0.882495206069774320098543283102
  25   0.338848456255955049265060371908   0.897558610613571211363751364048
  26   0.010426474639003974442383222648   0.957599622997304649570020930029
  27  -0.426401516708458344731889156002  -0.855806238305943484276482763967
  28  -0.937082236088468561140842048192  -0.181701700616706619216444609955
  29  -0.934825116565709088151853893587   0.184779500270074981370779117942
  30   0.260640212984492823879953758569  -0.666067612616084736562716724979
  31   0.174204967809146975665002022160  -0.357566505619364095552796515521
  32  -0.668655807968744317060731348547  -0.146409123605387863615567204115
  33  -0.049062565327816046034010425967   0.460462104063380368569001698079
  34   0.408711413631077550571501627820  -0.062428900347378784481116354610
  35   0.626107310674093674645738074449   0.705322549635805390400074027568
  36   0.057197522128513656507883672981  -0.939631114372756243390155439226
  37  -0.661887247845941089906804140132   0.138225166478503775852295940924
  38  -0.065314641913545042127521458908  -0.936022582964032752135467848297
  39   0.561142243085924162844805135260   0.586508231258847930329966713536
  40   0.800110542194272342269014057200   0.483699087397232765828661491645
  41   0.297341140773965300912480449160   0.418521056116327391326593060189
  42  -0.438680410931056101732439937742   0.418048199845902337609147128841
  43  -0.599019987343491596854936184843   0.711624827254467726980267719438
  44   0.415569918609928355132064232992   0.347294877445738846036329196469
  45  -0.579805163753769977487218163974   0.426936037575226818275526090331
  46  -0.338630106350071629448876649628  -0.258671055500962233899412329184
  47  -0.385260404347543747658882054156  -0.114990044798684391999500627472
  48   0.715851907519628598351790901324   0.204160567288003482234414136029
  49   0.703877782219013695729575042108   0.593094923903018531917382723675
  50  -0.329537118590267576723057964360   0.315308773620847227084513354463
  51   0.714316462089060363161573606998   0.039712445829631066731668153782
  52  -0.589564351570696395985055590049  -0.436831024693627379268219153566
  53   0.092497044853570854227356918333   0.199764911402851973354192224644
  54  -0.277457761006342601313047178396  -0.575470607906677927147654515794
  55   0.425913326558363383140972447390   0.513910421569968205233976138070
  56  -0.727561550675424059118886995128  -0.545037085270131847101079434587
  57  -0.496024076113513100094202329444   0.569801556431965368131137968391
  58   0.002389526613444633152851427423  -0.795616574902196626591883471894
  59   0.117723860164686990544178188573  -0.644657572369597754924961200020
  60   0.841428134227935968159603985530   0.326563139940459584761302440753
  61   0.689073416982649230078885193481  -0.580333179744409204623265807805
  62   0.271385155139871977454946803808   0.253303513540747866441278920979
  63   0.057505280746083832372609379910  -0.455938382809541040029796811588
  64  -0.400108980488847636781155097966  -0.426366097698868168310105660452
  65  -0.694039863217296249758665067757   0.564237576465389093705564839403
  66   0.883839172126151576311692563619   0.126418464079067280796573623673
  67  -0.084444524337701382869137291507  -0.612164452538728656589004078620
  68   0.238917147734886724069047187665   0.585585593560355366476317940409
  69  -0.193892843847201827204375025319  -0.140694651055793369148332300233
  70   0.016687242657582293613681071737   0.614269937783750671750998447026
  71   0.109977070704952509168143388988   0.400346070618180059758820743395
  72  -0.529711166749461567341400849849  -0.244591723293822893339220520276
  73  -0.516835518653318469022682478980   0.245980178220859737862309752455
  74   0.276164180680775243701618528194  -0.497915720197857436048699277849
  75  -0.552118316333484406174586487900  -0.006958842895957098567477619020
  76  -0.041602148699553396782779197512   0.038858439336215304683409408566
  77  -0.413476756756118632124984686053   0.771113214632804216780791182328
  78   0.217425616356631733634601659113  -0.845852191928225083041555881590
  79   0.864976971476495567086893974526  -0.108264269594560577672575268692
  80   0.521580491146963946878577541054  -0.422153960037432943816512334798
  81  -0.108181580205581578970302162801   0.284934672087457600959636288887
  82  -0.166794435403270921648928708379  -0.384374387440405081702906103773
  83   0.322889633785808703629885811115  -0.247310323095482985067326373109
  84   0.617855894800900014239203443865   0.395012261286980779244609761453
  85   0.782531345956579846958008493909  -0.361470111723645053863073194264
  86   0.432679016554864930573750748655   0.743645219372648834321446841321
  87   0.049008399471965559109588860353  -0.212528515715519384760330846167
  88   0.223317686286290851293540853313   0.011877692742726028757166508757
  89  -0.304429047373418549036621940881   0.090818995583409919730963330998
  90   0.588098392562971992495637739737  -0.154255970075534249904300447649
  91  -0.238489287058000548848597679232  -0.818192074420525565922034008350
  92   0.158702425573366377657577991498   0.835681747451680076167349799051
  93  -0.789239509898182809090763554373  -0.311096739454407736575473584422
  94  -0.143309205867718826859508133227   0.835163934612819489658984449436
  95   0.495337696556383093934144752139   0.131451252099747722061289369154
  96  -0.781642816494367112964239667637   0.317933608539780244405635038585
  97   0.463407731766600257233847400934  -0.703603561837242701255587371220
  98  -0.246022081235444199651454937249   0.540815720117029221974539294281
  99  -0.507993867130110183682425681176  -0.668046062554048658894530912589
 100  -0.836184238911102997868370027373   0.000000000000000000000000000000
