   1  -0.610759210397000000000000000000  -0.737575246374000000000000000000
   2   0.854130010743000000000000000000  -0.388383729743000000000000000000
   3  -0.321546551856000000000000000000   0.869512848901000000000000000000
   4  -0.671840111585000000000000000000   0.650628060087000000000000000000
   5   0.182016775996000000000000000000   0.925133519798000000000000000000
   6   0.144195385993463219320388079336  -0.928471326028979263915888894419
   7   0.601036018905451933568909002091   0.709210371355547568619330583242
   8   0.911379704831107176864961598551   0.121706330537603504221235133470
   9  -0.484123005584448622477790237976  -0.769983163340497498870029671960
  10   0.469739735326228395468030737375  -0.016475660441723565280551204139
  11  -0.879765026266000000000000000000   0.126699585169000000000000000000
  12   0.554695342390915952407116401282  -0.682360700410682134722444609414
  13   0.717458975494580858404607498317  -0.490894895266302366008370974942
  14  -0.850030671574719239068363394396  -0.123569758307937746059063592921
  15   0.306427693083069742052997240480  -0.792008688384384403204403927224
  16   0.171079329267305248206525546737   0.449558828025405414018896732130
  17  -0.454990371742618785934776991511   0.693122142061444075791848836707
  18   0.351600831756292968371319865348   0.739759384638370419400117153425
  19  -0.544236641064367005901688602104   0.012964532496214484773882515752
  20   0.186869451107327357850053409486   0.088033024455330856647363995454
  21  -0.686266099122745599175262008872   0.389122198021469719634111230554
  22   0.765728030206689632178352255203  -0.142403343336342466320114183909
  23  -0.059661866680450461467134417809   0.766486502449016923533749759577
  24  -0.159837966148826507287811493330  -0.186577579728456451932745888061
  25  -0.216810842393473952853428611969   0.310301653413440848539854387241
  26  -0.595944828959208872835534297613  -0.436408369289003839259771196098
  27   0.321271283042353492905869756770  -0.366324400696465547832374664821
  28  -0.117476532671790627383534350191  -0.707559983542132363909804835782
  29   0.615082036897414113232895815051   0.347612605912672698627007441052
