   1  -0.206357444758000000000000000000   0.654368191095000000000000000000
   2   0.868270836434000000000000000000  -0.185134296005000000000000000000
   3  -0.187989130692000000000000000000   0.390883654570000000000000000000
   4  -0.351674688204000000000000000000  -0.722917468380000000000000000000
   5   0.145479675019000000000000000000   0.180708412120000000000000000000
   6  -0.549999725879000000000000000000  -0.402609196048000000000000000000
   7  -0.449506888138000000000000000000  -0.698293937874000000000000000000
   8  -0.713602690499000000000000000000  -0.494532269468000000000000000000
   9   0.959044581297000000000000000000   0.196970560389000000000000000000
  10   0.408011255146000000000000000000   0.412738701081000000000000000000
  11   0.135788448040000000000000000000   0.183137677570000000000000000000
  12   0.092535137724000000000000000000  -0.655784315801000000000000000000
  13   0.503896869225000000000000000000   0.306929891460000000000000000000
  14   0.739509898300000000000000000000  -0.374406957953000000000000000000
  15  -0.592063835681000000000000000000  -0.075296525110000000000000000000
  16   0.498381970828000000000000000000  -0.856097058234000000000000000000
  17  -0.343285605204000000000000000000  -0.511793543863000000000000000000
  18   0.111358097404000000000000000000   0.431778520272000000000000000000
  19  -0.159701509221000000000000000000  -0.975855078927000000000000000000
  20  -0.277496015469113821099899315385   0.410302679703883223122082657000
  21   0.707962211876000000000000000000  -0.073128645580000000000000000000
  22  -0.187840258018000000000000000000   0.198340638859000000000000000000
  23   0.802177841622000000000000000000  -0.028205733811000000000000000000
  24   0.601785950653000000000000000000   0.781060227411000000000000000000
  25  -0.514074784526000000000000000000   0.840574419648000000000000000000
  26   0.980465453301000000000000000000   0.091478079891000000000000000000
  27   0.042193658694000000000000000000   0.983231221524000000000000000000
  28   0.821835662413000000000000000000   0.540593908375000000000000000000
  29   0.425531604051000000000000000000   0.886181707823000000000000000000
  30  -0.858946928019000000000000000000   0.477049094594000000000000000000
  31   0.053176508658000000000000000000  -0.194829662474000000000000000000
  32   0.977620688623000000000000000000  -0.085323375948000000000000000000
  33   0.100320263581000000000000000000  -0.975572105488000000000000000000
  34   0.953042432293000000000000000000  -0.228843611615000000000000000000
  35   0.244195285587000000000000000000  -0.948598285144000000000000000000
  36  -0.973393863044000000000000000000  -0.104278897875000000000000000000
  37   0.763316590959000000000000000000  -0.612090868010000000000000000000
  38  -0.932324470567000000000000000000   0.294851832400000000000000000000
  39  -0.715728916656000000000000000000  -0.665524311766000000000000000000
  40   0.646832083921000000000000000000  -0.731822916745000000000000000000
  41  -0.818028659059000000000000000000  -0.532748709793000000000000000000
  42  -0.123692775737000000000000000000   0.967722678454000000000000000000
  43   0.906408799695167404691569211277   0.359428944879225164434519849578
  44   0.229298560727000000000000000000   0.947107086581000000000000000000
  45  -0.105000125079000000000000000000   0.102094830255000000000000000000
  46  -0.343284171818000000000000000000   0.910774637494000000000000000000
  47  -0.541402216882000000000000000000  -0.808090609651000000000000000000
  48  -0.351512661266000000000000000000  -0.906372108701000000000000000000
  49   0.870451598134145826532756288879  -0.431680880752909421227030782811
  50  -0.458435165518474267201214078554   0.711411347545220656302788104274
  51  -0.117388100279000000000000000000  -0.963239715305000000000000000000
  52  -0.915807375863000000000000000000  -0.319201269079000000000000000000
  53   0.449064509680000000000000000000  -0.858958115043000000000000000000
  54   0.128014984765063726170829757035   0.662010153176814973445673873801
  55  -0.307624282208839624395979220131   0.751447911616449181431391501873
  56   0.488727947327078784817418276395  -0.157628973025833884032241537536
  57   0.771373051858309960832210571805   0.276432221172895360148762913120
  58   0.241486867493466413515357071667  -0.253720535325127348773525067183
  59  -0.034166987704376991804693525658   0.443298098448602823755426307988
  60  -0.069583345432000000000000000000   0.817070267883000000000000000000
  61   0.403975781863370006671717465521   0.583738389992133331288184375681
  62  -0.626498749579989426449524690445   0.732772820843021188339099037712
  63   0.570855272302927910218133278205  -0.008144649177997173878201082044
  64  -0.679349704562786884346891913146   0.682428043040887056293271161204
  65   0.724077091703461851171566610155   0.633852957365333642027058933541
  66  -0.115399788937660968081911714679   0.031719054732075861283931209564
  67   0.719085039778920108622533911029  -0.217066160966142625109662214639
  68  -0.466810332729922484616449725493  -0.260337308981251068806528206828
  69  -0.303593115458075029334231456221  -0.731017674892282958874862108394
  70  -0.070221200609796780974684947601  -0.368060717217620549761542911494
  71  -0.497670437939000000000000000000  -0.543641360743000000000000000000
  72   0.771130436901225140994262730699   0.568927384057959831598909390835
  73  -0.736102555101338511868048408356  -0.247150528491439464438767200815
  74   0.036422172611710891097134363744  -0.135238906204673967874684645259
  75   0.086689676637955697064415011287  -0.247657362980782285520291007034
  76   0.542114102493248105686166162288   0.787343823275032607220266529947
  77   0.168112398383119856716872037324  -0.281307928421584219427826784261
  78  -0.950544898051216777764701164066   0.090164817195607991074576631661
  79   0.057262405141311296746046357491   0.692809541867259769841186670889
  80   0.770976132915595117413153232594   0.196301337711636286552963740807
  81   0.942334400304855107781240322034   0.142461514192057170632912617836
  82   0.462498700506725204002010283216   0.832635425185566536368342630247
  83   0.842790267874728739038033937000   0.133474594530900904431172724152
  84   0.297817450989826478693586837562   0.289313203061225174024484075790
  85  -0.184311304502541226828195335948  -0.029071872123964871619374558897
  86  -0.800502642094914176394371911837   0.511896440703383386495110074239
  87  -0.243557558769209172745955122173   0.699850852916150292109717562344
  88   0.511726300552000000000000000000  -0.238323384955000000000000000000
  89   0.365049092670797990615648499234   0.364706529134231274428206380054
  90   0.415923454862703350760341733744  -0.585734913628088264659683889444
  91   0.291608677818869099963082486617   0.187990544706166216610394365501
  92   0.061125852705586352466865383841  -0.042078379549623164515759599987
  93   0.399721876200350328520030604343  -0.480676769970403027779801121214
  94  -0.051971192576199947565417232171  -0.642123367635557500777563419656
  95  -0.808191888666925891885809804045  -0.041012009145769877647458720545
  96  -0.543834098190696628933614279790   0.772082699180398660797573158224
  97  -0.589273722976677760029813999883  -0.009440781462096749826607031098
  98   0.344825779492000000000000000000  -0.669002416553000000000000000000
  99  -0.218286211151345721749622431182   0.446065326129447036646130682113
 100  -0.478757598189769068429863135699   0.019455649509898074468190167043
 101  -0.081740731710647444329059059500  -0.751158841330122511281271181894
 102   0.140866648589858262318838019611  -0.807088871744963609097476355251
 103   0.615065671758698692303365017043   0.434642697442999044672708860483
 104   0.181604819392061144985925267093  -0.515647628764861860464951410576
 105   0.164371927713088089533877622121  -0.924677658944003473242584319066
 106   0.063377358092766939503593728533   0.190878928322444825221165287621
 107  -0.725389593600505589156597738356   0.594711637103292788659751008145
 108   0.925242441576013842189642447682  -0.150537306369352400112133177716
 109   0.027017489644527415143240442649   0.797504556203570312379001811927
 110   0.668221665963422399396601368192   0.545996833861161760156600689322
 111  -0.543392211715509929943430912444   0.427740696509154926320151236690
 112   0.311475843574406737774049261690  -0.047100612448159296753183906631
 113  -0.840431116225747175994324237647   0.075089336034660460281948553839
 114   0.302770829352478488630562269078  -0.551246703629885698091392051476
 115   0.150401125252053597894628281520   0.757318058343368409885981217491
 116  -0.109354150603998991264859471231   0.511300162835906978904297316378
 117   0.376212178223055130604727834616   0.484004644949249732386836361516
 118  -0.931301581081441833878436068517  -0.023815887899174978588610049819
 119  -0.257673888459637074522219842685  -0.504160873826104709675667371143
 120  -0.113518102499172550634195858687   0.374519595462531496297026799389
 121   0.043647375841858754014587485727  -0.721936264570754159560072297801
 122  -0.731948722848828328822031118889  -0.572622749052181227007867562658
 123   0.672769309604584856232275568507  -0.640261411587433511500349898263
 124  -0.707701170035545472146733358359   0.039983525600902560980242232522
 125   0.183037564221284558237885844369   0.250785186749805671821883409500
 126   0.487748218586431284901632735574   0.387068304632788863864375223640
 127  -0.234377340343171162428768501295   0.575994465025906976239809787302
 128  -0.677355487470650940591808986522   0.466596654835826733301827862131
 129  -0.903310660487754390073431758343   0.200387194433990055414362584316
 130   0.057965551306047341368116437292  -0.572509123845572749098164820228
 131  -0.032988932736381391331417471367   0.923522719846559726079230222327
 132   0.367199485056800586170029262266   0.083163163030650229897366071796
 133  -0.065659935059820368501584039190  -0.072319399571675611774132291497
 134  -0.005941712313067534761576897859   0.070360258362405232131732582146
 135   0.787691549577879760111129256517  -0.120597814899893198927939871236
 136   0.521677610302474919232256190337   0.101235741344005597549064823296
 137  -0.365323889325519089018320408959   0.655001807342690414698133725471
 138   0.457046310058892539036751289666  -0.357577642417305508993680673983
 139   0.883251717781781882468272643505   0.255548352957481835965673994475
 140  -0.198228466917117942113589447154  -0.158669201809399466154333001338
 141  -0.746651461429236350935519177952   0.188474467466547318393063780987
 142   0.458617914593503181677985707020  -0.046950213677647893226708321514
 143   0.613347962075813783020931410389   0.681899538254165458225151295405
 144  -0.350396093276058160130215139511  -0.221216940086132503642225218400
 145  -0.637647813644577388393201568620   0.313246184824596062175678180470
 146   0.126585231853810279396941508871   0.906627838849077369722319421231
 147  -0.607381727792609572348624924547  -0.478045522214273314362580789715
 148   0.517983780645180774224398528493   0.542890108031936439142064578439
 149  -0.218311052531035808477486827975   0.102151172633438000331956232072
 150   0.444486298030905931972024242639   0.699094138722969455832081688982
 151  -0.407767163684264447737193782142   0.816351119266092460296259227545
 152  -0.389518051935026512976497812300   0.135208616563292740661100266390
 153   0.425180263800490618237488450926   0.238045567511879704655850955734
 154  -0.465355588145154371429306633851   0.295432864701071703453525950616
 155  -0.085420228481787555242673685920   0.217709611552795799528695041688
 156  -0.046863545106333080273570349979  -0.239239424325392876840558367321
 157  -0.196823842983156028405802720588  -0.654801136222119907150320281132
 158   0.195620375762283524545002801301  -0.666775667753630721121811940772
 159  -0.685653897967233413162949747217  -0.122469068501365771516255486048
 160  -0.501008771157372024225876474181  -0.129950598078868978409618968669
 161   0.046497155693377113469864715429   0.344628106151702631748890701494
 162  -0.094939682667541218809908236974  -0.500165595004354679437357655840
 163   0.905557223376020054440550775826   0.005534108477462788340221192192
 164  -0.418316807515719687505440189144  -0.802512739764203316987960529156
 165   0.614334976999616214683401511463  -0.132863272428878731786322998528
 166  -0.379797078270186016300333782215  -0.615264799505119868828140767001
 167  -0.574156194260508200441781828980   0.142860579582284417138766760337
 168  -0.332935323263660669836207768356  -0.041320791323192950915073011155
 169   0.177140750884773228784968096514  -0.139037910971203263967414417818
 170   0.224182965181271182164894131729   0.416705409193659593020976769412
 171  -0.601124765447896541561150683716  -0.293934477339261970013263200527
 172   0.364613407141486377854407840859  -0.202804194338247179967980293955
 173   0.634750621348253622094303359888  -0.327599365021879865223285573146
 174   0.754651796628083049954868345941  -0.488942335226138631593067771206
 175  -0.209506967945417240353940477905  -0.340799758680677278290380145859
 176   0.277098555558200325082732731723  -0.384515328855239115303185403251
 177   0.552749646378183502828076357988  -0.513032374508528043562935662178
 178  -0.091248721512605894809719316235   0.680649209514054263224942215833
 179   0.071667379850579337938200865203  -0.394030660691843557050392808377
 180  -0.820555589416378034688156072515   0.359113059141517382038443617293
 181   0.063754882874028713222250374996   0.541995568493644757418282046918
 182  -0.379190613549556169210105987507   0.470726171137728822355057945762
 183   0.000405102872912898471226457597  -0.893857010860643371868056964777
 184  -0.873190627282397737520313622522  -0.188990687081142314858248754473
 185  -0.269083083253252783684475788977   0.288857048188534384811744011652
 186   0.840719973031127091688484911624  -0.298831749402894253451970198479
 187   0.306603804459764956731313472578   0.837299927997082873010958141791
 188   0.181031952403316180832038909926   0.067735505392103777740975920964
 189   0.785359498864136321515641931000   0.418401169966609247223779776138
 190   0.263442134495050957427726501222   0.621524732303664139262257147064
 191   0.309709955184345304752548597828  -0.833684482926096562386440798538
 192   0.705413823041353096957772610599   0.052811257239347526795243323684
 193  -0.579580690938190028652055644178  -0.673035533016006363385884468036
 194  -0.551281485061511330409343069410   0.604250913022740655557870299947
 195   0.625666637738194427824722386333   0.262337158718724741852209783326
 196  -0.211710511488716588766474808618   0.860731689313025053071006995753
 197  -0.216936384621895979144838808140  -0.858905309305245608323229675829
 198   0.507379255766055879028520363062  -0.725479134030649254183696211847
 199  -0.419378531935553411231440017244  -0.407558147144944443479178893151
 200  -0.790706501020703299626669864133  -0.395584177399355816283975652437
