   1   0.083172619288000000000000000000  -0.076941249223000000000000000000
   2  -0.405844228041000000000000000000  -0.900371021802000000000000000000
   3  -0.205659668017000000000000000000  -0.957953345267000000000000000000
   4  -0.642684271341000000000000000000  -0.733497702676000000000000000000
   5   0.458485019080000000000000000000  -0.853704137991000000000000000000
   6   0.108373405272000000000000000000  -0.956717575570000000000000000000
   7   0.955720393791628358144673109776  -0.054305576749927606811314860089
   8  -0.065167989725417210506762264550   0.949223754663382276313221465379
   9  -0.695169226862236147047187648661   0.640704909500464115047837452987
  10  -0.898573205923000000000000000000   0.273192048979000000000000000000
  11   0.393975395600076802874143332237   0.846019024829340171881769035551
  12  -0.878961676605891441430683385911  -0.295131343158663273124467276531
  13   0.799660974543066080184610378658   0.457168935003243997944562497250
  14   0.838672415023000000000000000000  -0.364702088062000000000000000000
  15  -0.309960857931000000000000000000  -0.854336040214000000000000000000
  16   0.425293265758293862937329617750   0.257803425240943134525937733504
  17   0.878987935982452471060999634343  -0.178094210584231346086823897354
  18   0.522824558486000000000000000000  -0.720810884042000000000000000000
  19  -0.485528249399157132500289594967  -0.739580679818710902835613227976
  20   0.061546178326795891586165235157  -0.589276641283070016196638776384
  21  -0.207694793663401385464492988229   0.846027256000749434339879695343
  22  -0.153755106035028949398053892541   0.590751277801903069391736236651
  23   0.681174383042478864983803970804  -0.525701613677270139826646764193
  24  -0.047676369761332435892253087857   0.019576349214902456813257689411
  25   0.631460595933591753366032835140  -0.238724685805214693155856270891
  26  -0.061058480408553688926569694405  -0.840022827850198046592368907410
  27   0.258998841193165515478337092008  -0.795048392621148729201986578808
  28  -0.717576474336701780653642971224   0.417319831274110156561923756384
  29   0.019113461713427028946963946385  -0.295001315956822058674190592731
  30  -0.459972217050545627636171015791   0.666812083796897044899922578343
  31  -0.248949343698219857217572955034  -0.549649525382388944784797833765
  32   0.356042608483042682664786496688  -0.450456216142842952692744989737
  33  -0.336142258473924046514833364805  -0.171229998538657579706815318939
  34   0.128235597782138113510768616217   0.783269270131044335564443082098
  35  -0.639839823262782939666530099364  -0.450535033512262115298394414429
  36   0.319540236006042222233469236278  -0.039468272008419567958777959431
  37   0.113633357617368772476703004365   0.352707856625265531053933781986
  38   0.512916038233558392884994198919   0.573527509245838078829483643377
  39  -0.340228810970621276606167345064   0.265627575560465409359877377892
  40   0.744161171197966998845530124963   0.140404415459189446122556830321
  41  -0.751222997475091553348194238447   0.000000523753805090468449271701
