   1   0.970573522476062932583904781338  -0.070641595842541450766230886266
   2  -0.753551755105920226955884379064  -0.607756872407433020821334610121
   3  -0.642165903256589445969871906312   0.737296344283087067423706761220
   4   0.537667991055421957422947743241   0.814529867344998603169047749685
   5   0.980697699330432506299060301094   0.073811246110923351544459823049
   6   0.638364086970612239980903208394   0.487981118885584636004283831748
   7   0.906004976144983830117650362911   0.365820009945896052427103574666
   8  -0.806889763706417996805022968559   0.545269438246665147452863514424
   9   0.656109189302328812550254521817  -0.698708634970197921397655711531
  10   0.773555522943913169710199124442   0.579535032076353342493782879439
  11   0.407597138549987022462475120292  -0.873891282515272241392563138145
  12   0.871685668824434747817720660423  -0.386473473353972915995890324270
  13   0.578927627792021419117349278907   0.763734084824737134303915002737
  14  -0.579713885957593132181295442454   0.758394880330324777490134728903
  15   0.042976435802140389257405804709  -0.950447996687224125862290771817
  16   0.194712903057390672492872797568   0.928118022651322073018265675624
  17  -0.194415247950430127358512030163   0.925340043962401359821120195813
  18  -0.912506333213166267148329946827  -0.233615442121189231600905195271
  19   0.134809312180220046607408513723   0.314307124617483416165557380725
  20   0.925988937944060686549788032142   0.136069338549295008744323695960
  21   0.932716643519206317561212748529   0.004904191853102913807257518905
  22  -0.374802519393679905514757405066  -0.850612716064596532455669775914
  23   0.885511142326023353491735080173   0.271926408381376497014402645648
  24  -0.810105388874695626171880583398   0.441243603894895734247519904526
  25  -0.359102721111469279335944886010  -0.700875818147103177136849555060
  26  -0.649812714462793630055032598042  -0.646526780585657424871148569816
  27  -0.517357553298784168910451881695  -0.752882454132357562827191104055
  28  -0.864950199531121292912960274920   0.283757386664842758645405096181
  29   0.021432163010089318997229894098   0.210417140380539926725625038512
  30  -0.428313663802597274041677982893  -0.365793227499606760608791764092
  31  -0.294552117451503387496737012967  -0.014316558475290475037815488272
  32   0.238441865185722725999608738522   0.441212209959291446744149260443
  33  -0.481272713768313983140486328220  -0.560896779265473592314592852846
  34   0.036200091273261502820082744717  -0.591258851090580848677075617634
  35   0.635007805842089023568827844985   0.620564684984550522361731990772
  36   0.208625390888069835335100722063  -0.189808169783420933662689269996
  37  -0.659137251678255502668008386417   0.315313816331476044293959615952
  38   0.765059127826894933765486247080   0.425791039375337496847108588670
  39   0.487365084100224959014147145925  -0.726788327571126341067964719015
  40  -0.245186946664528611317001913319  -0.236332841958893867320776373675
  41  -0.202418657669185842407129762104   0.197123665430130899075363445323
  42  -0.493701554120563890376464935602  -0.144603518834907156640109032692
  43  -0.483838076194407903908348352657   0.128381452689699744176222530119
  44   0.001494500092903786460061480382  -0.343819157607142709409032032923
  45  -0.632437445990106631055573304493   0.576628475883466819578433484762
  46  -0.233064576768218068102306402874  -0.511554566331020192043258332286
  47  -0.392940915342866967792353221985   0.404888474356872235238963195561
  48   0.490890939821284802560727573758   0.397133028732021659573399673364
  49   0.821403406100290989463255608013  -0.189751000442922893407923747814
  50   0.002439058598287190710784817421   0.839828687889810027847329790210
  51  -0.028796108326232918593573221544  -0.041011646264864882542445463475
  52   0.207187626664220758326537874664  -0.807261656996418807027152945278
  53   0.494709791181741110644316273264  -0.184113549275205915774804591107
  54  -0.133802918586126629928238714183  -0.816123083764856248216966345437
  55   0.666238608666100777426673644588  -0.484559610723588343096449010394
  56   0.299800442384800291122264092255  -0.473925733439861561848451147053
  57   0.679926934352685109848269388715   0.118927575200624768501475505750
  58  -0.344498040520998446653046307786   0.737734038368289726547123777768
  59  -0.715430777583434152923737722152  -0.381946458039796471049621141495
  60   0.290753604101693401274064348723   0.114936257101849526335093959011
  61  -0.055608131705729838950271277681   0.489026334740556287942289753207
  62   0.341990637711343305745218920446   0.723963232529787207652466666648
  63  -0.798188609397014205505898958160  -0.000000000000000000000000000000
