   1   0.718758004707465948801181629490   0.671889813052229867584893215974
   2   0.532029601143773327291316714336   0.841940387645320434797499875372
   3  -0.043502273123537980253708551054   0.756043764767205079613177003435
   4   0.155571913806921525245094566452   0.175329834780736067012592365553
   5   0.198509122770615433740923985978   0.748863764684156461958621972187
   6   0.880921514512834005335257045111   0.447561754372318650020649604928
   7  -0.110599113357294867506732846785   0.979577543185057049168672998377
   8  -0.343145191938665729493727334269   0.922026183883240567604454699511
   9   0.000181977919610461617244508998   0.047253276912782950288941495166
  10   0.249010462028795272390150952878   0.888265864566092203283574753931
  11  -0.047435699530967595537451441661  -0.209185425800832550118709665198
  12  -0.612354476045547019461958556083   0.755862015092826112528597947050
  13   0.854632286518393276524676179532   0.470959545436933397188378293012
  14  -0.955191783315711538621463948491   0.190477680842810736899949008692
  15   0.524823487884815315146018726633   0.693592566428592981071187724785
  16   0.264426009682350916447185313898   0.933610516347593649288279771595
  17   0.291468048363502570605254135351  -0.923540119248964368281417109255
  18  -0.375730913266359659696330787652   0.886249115005613076820613601665
  19  -0.803736727058596850943173061142  -0.533026468853033888730695970170
  20  -0.845754833676504059436469598118  -0.137461050783513804045378242070
  21  -0.005440113438832826110624666965  -0.961203167080622925954430995212
  22  -0.059901314970089263846937004673   0.957508738851356603073969975019
  23   0.556847070556644173175287945170   0.779417436761831161499807768833
  24   0.956016661236013015068857552281  -0.009942637451129723749340102052
  25   0.882369478459548615222867261905  -0.363309825517967942684949099858
  26  -0.350786988846712059278108659889   0.430880761270390873322468400624
  27  -0.415447133751596311341301259575  -0.232895041618156766061129024523
  28  -0.930746552800489946743577189387  -0.183931041667925065958984737550
  29   0.414984743952460471273471935152  -0.633319858503424556474199328188
  30   0.629068668123070007115273423217  -0.272083821391321156312502346976
  31  -0.271170144019450369581865606502  -0.463344484270026595117512478998
  32   0.688334501640484372353837808693   0.014490026891447971026535830908
  33   0.023940668964815816810709570664  -0.699281992959882850840451690584
  34   0.183401386403670882459615904055   0.673634497435556984260542865053
  35  -0.647081188536892254785258389700   0.387411464584568605745483215407
  36  -0.570015252031574884746732508482  -0.740020386862679027278385807281
  37  -0.488659200927210116390433840882  -0.633346441417888027341585836109
  38   0.521316976250299558941792821117  -0.335002159792919348899335680384
  39   0.623866512593055530143669810397   0.687829286482693394359609359933
  40  -0.924814580892214024289121355422  -0.059599496480382507634938354511
  41  -0.476922141275912080504851963437   0.120654665158680704761033633605
  42  -0.918685041681857259256086108147   0.090375060589046842392597239540
  43   0.847200577343417595311604080572   0.361973585599407959972723676193
  44  -0.548141100801397002425650832875  -0.208295802989310201500502217550
  45   0.692697285139547456934764950704   0.305917750521774396750006493839
  46  -0.207299372857294363250077529763  -0.022649813051163761652254220510
  47  -0.647091140815441929517376504382   0.645452642760722114641070354529
  48   0.097455423288309508774822105429   0.085834445559852018743135213773
  49   0.506079176423587139484873770909   0.577948573863918019418432162099
  50  -0.590555500956178821807422664650   0.242451215338761554304566305880
  51  -0.754923079090711850958244202083   0.502092410281965665794997321382
  52  -0.413765376684504786586609522998   0.302654272709252944699120952568
  53   0.463911547553849086567999748479  -0.491418107603536192587180319309
  54   0.599494960378380276138219935525   0.144532513261497080992401511502
  55  -0.413994353512258244070553622550  -0.798367788631900268476878464524
  56  -0.300339079995152196884942309911   0.139226794553045987538704965800
  57  -0.316914755351149159836337372072  -0.617795311725307886400579913510
  58  -0.091788295354177671321276608822   0.128671343061810157525990867617
  59   0.517583686785132760759227458464   0.380591232994917336784705229384
  60   0.570812359346645097026575613192  -0.683064777323842068430949352189
  61  -0.019958599943019184691777147571  -0.079792734066986008660878518182
  62  -0.664083811509433823401616671297  -0.587275536626933487538819131675
  63  -0.282051650777702262778170107455   0.578759696833507695648523134998
  64   0.375642089868146280575476113088  -0.798946378285312452122516829051
  65  -0.502691322980049607125780381638   0.499920651760771293626724484574
  66  -0.408342068172551454398247420331  -0.062808279850594213459534018711
  67   0.329302388044909202172505867195  -0.317837881599299857816572789226
  68   0.710198753364404272430506573510   0.512020803121575720106182696410
  69  -0.458774952057909521849567607656   0.743553083587574301043109096534
  70   0.219504564125370352536496819955  -0.092375561403086517426224064031
  71   0.070167646451794938164696282737   0.301946191150792242378133155003
  72   0.133762470794946227365701836540  -0.857838954683137706090363621619
  73  -0.189422915314764289384886044116   0.347688272714671434467686400534
  74   0.071286224496984748734163802776  -0.310384683663096694105953665563
  75  -0.816494352250779065978773306322   0.278588911615595297145920806862
  76  -0.088413992432122582884291240341  -0.533786429695519973605058552643
  77   0.090397523517342332153598542124   0.854283186187903804247340989552
  78   0.845428044322875942351694804685   0.140492002851511557564891891819
  79  -0.467746504685305554284654788771  -0.419745143660324262681174896908
  80   0.368547715309073704895594809703   0.769895651644341267287770593647
  81  -0.197665448062461460831211099353   0.828476669775630041900439065962
  82   0.281743527816999545025342261273   0.485444416238842022912038318755
  83   0.711123676742961185711415081686  -0.462088108293004376612936342130
  84  -0.214174991772467289749071695237  -0.260701374041808157640565992075
  85  -0.011157428079024371175792733530   0.575676460225071473417826505842
  86   0.504965916429704948922147147734  -0.099713428634182315750366415752
  87  -0.155563170947260731728481814407  -0.826230587037403863370632290624
  88   0.208973019006794397603911293202  -0.574783033260214808718358193846
  89   0.818660794889737703580069771779  -0.164597529585993330588747065367
  90   0.337667051338927760064399236191   0.175607475057082956870109323427
  91  -0.765971340137226165524316277447  -0.326402226961018235944493541843
  92  -0.690656382132954892760351235885  -0.000000000000000000000000000000
