   1  -0.070819426485070174986042004112  -0.901195797956289818087602531992
   2  -0.726887444678505454058145653731  -0.676630471566842980378928061435
   3  -0.383841091358228033704811698108  -0.823968600416710088569452929486
   4  -0.683529478434452650196310809371  -0.717774090038351543581798902725
   5  -0.596389740905274382416410781653  -0.687096521953817240274479326893
   6  -0.679340861388589912602033408821  -0.696794156394379352341281381436
   7  -0.703470857575773379873202778528  -0.691265834138002149985932635460
   8  -0.607737423996425453778662266665  -0.774568642024626367843683171535
   9   0.445865152471478832519417053459   0.699081077397133605627925138992
  10   0.252443833856374832674928720823  -0.948014858290717038708254205016
  11   0.772961118949272219805738947013   0.600592050712838264245391169625
  12   0.569294123533143207320998111598   0.790433194264019024603774707102
  13   0.209176213866447077807422198436  -0.952696745279505132113200075361
  14  -0.842239894147701867754675386489  -0.487470571815036362889067558488
  15   0.966425476581539746792034743746   0.087550434244615508278338193303
  16   0.795135011315950738176301479092   0.554524612663402181659824473112
  17   0.905356044291565573009288272886   0.342101624105087530473313638042
  18   0.954095121898237550217099135278  -0.150820024620166392877890916075
  19  -0.400508752102989001006521772115  -0.876413380851896323201050245814
  20  -0.447667406164162671360738157680   0.851345985069127331963932331765
  21  -0.631472499606378871527738273392  -0.723431340434314071117313820092
  22  -0.077288441732599143775769961582  -0.955141722246737462147704791657
  23  -0.175568852779649039322678537094  -0.359096736380302914810809303937
  24  -0.126157354851619530108895561561  -0.433680174824414386823076444257
  25  -0.641424903673739919901186153739   0.261399196441808583866575126618
  26  -0.661291259642551297781698888640  -0.050945346822672512297742447129
  27   0.826078019160556311857887382850  -0.466938253709279608361436652561
  28  -0.466625860644671604944106620877   0.223132784465419566772992063778
  29  -0.569031037025536564046410477425   0.189298017093647435134997129824
  30  -0.935964546599282971431771565672  -0.116902343162170525821906788427
  31  -0.620205161879466567453131221592  -0.150662668303447568474648560055
  32   0.461834712395675425233615600248  -0.818095348080346325191390472843
  33   0.636357196447615689355266933719  -0.398675137697895699833305253034
  34   0.396469376262539510278135081213  -0.711689945219234596710908672592
  35   0.332427482429997764857065686115   0.213244748421471995841263856099
  36   0.071269062289259407832432735241   0.338028405353757658271647984174
  37   0.409848756942154105404647326126   0.452676763813462771938429394118
  38  -0.844279157878478512730739529568  -0.385437901506223366314529359064
  39   0.319083628630327012387544499327   0.869509497399938922145384033521
  40  -0.905856333245754056688532277611   0.183804373038807661067876830822
  41  -0.889821973788077668707979385929  -0.243068663164395741926361834952
  42   0.094695029534480937668376467849   0.483741489548180188365355459749
  43   0.456476755026834128795811883844   0.797199802157972806973843660083
  44  -0.045549099358075532528170745725   0.241768888450275892761779944472
  45  -0.912993462113550435101377722514   0.023133941605781561438961749170
  46  -0.070629227126716119727101452841   0.908943017065112018545482322470
  47  -0.790283714672947586993143302556  -0.100332398370668613519929084725
  48   0.567841090150291294057250821659  -0.710044316801138954555242405064
  49  -0.710844473045648873606557658068   0.563799279520503775347424681924
  50   0.310006427242738496885055337253  -0.850159381225913849489132710953
  51  -0.718019795874942612570829485759  -0.271097771042107528079275641545
  52   0.186160788935032454938679962283  -0.457074945600862312428184259642
  53   0.898882869001201715824905117739  -0.028350908274146178768123179515
  54   0.142624228889405836053690928399  -0.078645378943213995194225181998
  55  -0.079513603185117639303904362158   0.425982271685337913916265545404
  56   0.790150757914202186732982068108   0.418297925236329611319773857118
  57   0.695951631712573943297395440486  -0.558196236741562803785523853864
  58   0.230087039825199139921495218946  -0.660518299303077133952596592332
  59   0.248174311221830674916571519294   0.369880645669863972410293875115
  60   0.131899769121956591478429547780   0.876606033363043146642965183244
  61  -0.477753077171024953902551362542  -0.744470726392124920808362899806
  62  -0.272709215150643663185465330636  -0.228683715696027822612824632270
  63  -0.502634026062305599122799436297  -0.284118388256187752080483947715
  64  -0.724631911091282013240882889494   0.107125648710028417480566505542
  65   0.530468459330761315429198856286  -0.229788169818843037328905089254
  66   0.284004570734739958763815305073  -0.256357057466698661560801316930
  67   0.849561589416256047211477713152   0.193280002750695748638243224682
  68   0.146488215126425700701187452099   0.152159013344438781703752834058
  69  -0.792129307624829564620494502116   0.355853332376601407274760012123
  70   0.666525109063115841903217843472  -0.013604999771850063808927993841
  71  -0.284308622491719471975870297027   0.548031509562188796706233952193
  72  -0.275161621354177461647545756430   0.818756033714499379942538161060
  73  -0.517199216783038238587418783048   0.689446056701219589409376814478
  74   0.075474475985256968823828090653  -0.856665954925501327243496027500
  75  -0.523653951729790377393454936480   0.409489009389120863031405413194
  76  -0.017304331484486368813575082869  -0.588443248987434210317658689641
  77  -0.273139344449533440749991848410   0.268222897880993664428289932567
  78  -0.031611078859835015343490270483   0.673030873172664084236275525814
  79   0.004178908205936274739406591634  -0.288789511657951637097710287804
  80   0.383119178325239605302847543534   0.001639852436178209172250509963
  81   0.804623790645429891791368870310  -0.263720331159335859334673617702
  82  -0.216950489910624479173828632986  -0.816516799167343524645833056110
  83   0.438851841844628907312098625685  -0.494408666650326606222365440226
  84   0.273651736089152505292195100730   0.641258198433989251783848721181
  85   0.590970452720789840482858324442   0.595786963335313476813720183369
  86  -0.653635374619810236083037435090  -0.522192919011636169714092727445
  87  -0.112068361369760917790363295437   0.002995816324306274000517399596
  88  -0.324728743344707457848079754547  -0.507691414125145597258492895115
  89   0.560577647768516068570851937737   0.267966672401633824197199911852
  90  -0.447115180922650176792555972892  -0.000000000000000000000000000000
