   1  -0.699218161462131621118172420345  -0.180373875393751055194379798426
   2   0.051956027384402214856284370019   0.044923407723301853359556541910
   3   0.982054325778281890248228121454  -0.106086909387539155618095264480
   4  -0.945894383222231783627908788732   0.276285991633904352359372414779
   5   0.854055351146467423999216027226   0.213103327632650661469924263158
   6  -0.940373699846844506755937329803  -0.277018073563434188318308392886
   7  -0.451627551248128091303779413213  -0.619245082719493178522457790548
   8  -0.690858246220360577709371368433  -0.206673260505685784323547687561
   9   0.057462345065012863642990593749   0.967753600214323385742731650352
  10  -0.841130457709350763149685337117   0.480938784235141513124219765144
  11  -0.259183471440774246178574470859   0.930481239824029361096755546287
  12   0.764683913609187842571441176287   0.580987176480152506959685637501
  13  -0.515070215820083055652993356879  -0.807937748890315747232294939151
  14   0.945394680042160058818175943498  -0.146984646958992764799739285451
  15  -0.931922318252998935546408443238   0.204166869635310150051161970163
  16  -0.927305432029601223042765894977  -0.210782234582539565624168398474
  17   0.919738794097609077403945181690   0.229314305496881007678486376767
  18   0.459851453192882723285611265853   0.681727225904705139047937020334
  19   0.729217416449991550820180319491  -0.595955364296949244851867883392
  20   0.520780646155852926658781921147   0.780989568756231324350252725116
  21   0.288211012730967223207630555397  -0.005742160727639597374033434059
  22  -0.029857685893964854277515141626   0.065585189892457166461495185943
  23  -0.640453568216114848422637054271   0.229641499404497855977637879035
  24   0.792263607599525729642657142693  -0.480217508054723082525314678382
  25  -0.739687754760624400238635842592  -0.552704983444172898210735323144
  26   0.619971716454369743175080501541  -0.680150664908394935374372033737
  27  -0.603536032018467873096075592571  -0.466437920999997812824900383972
  28   0.157583332350349874388552625406   0.900495353241552059210956138586
  29  -0.052755276307126671332704986493   0.577774898034762230106894727740
  30   0.140702699804713682395802384666  -0.897082395453865639047644602035
  31  -0.046142126585349459320842582565  -0.903807503897443098117177926413
  32  -0.426204440481567486567330825588  -0.501865159146626632605511273456
  33  -0.350383705808244505195216229686   0.827750431263052520821705679177
  34  -0.717622178139968175414759694630   0.536150463039168328468669681029
  35   0.085904091181651682977539271897   0.439020938980022765028661451656
  36   0.610412161398107341595192007943  -0.147620215638950364891754632578
  37   0.621126507661962215722474696510   0.632654469840281933763439052841
  38  -0.582263745144437085902533391482  -0.664524863416516720163578119964
  39   0.342474067419011990469239449161   0.811128356702510397263907224439
  40   0.150631886581167262126667204931   0.661321291477548201414283524264
  41  -0.811210288491528981306754392970   0.326187984718756560122236109542
  42   0.373412687044436962133740211815  -0.179024240167056083985692425959
  43  -0.534073099308784369391283838356   0.684503358799511471258188031446
  44   0.820688965176184445928593290304  -0.273744084893006247894486011380
  45  -0.278685138249809205788054217468   0.597747941012191029905295467131
  46  -0.788576869882424701292577243721  -0.340651792347616164559165288465
  47   0.037625585148134320211650689999  -0.679892488609468510065691370522
  48  -0.206712016408023630664579853442  -0.056074332012734745929241925426
  49  -0.461490225609841680296097405326   0.100520589667121966559483177445
  50  -0.497550030512887480990455823999   0.401806654853127880745460883542
  51   0.088748001679936667208322964026  -0.125212640941675829851098196318
  52   0.165339996122850633780909066266   0.181247077241920040310996753685
  53   0.210163741441084013849110772232  -0.420132933822476653955957428736
  54  -0.083739513227438729392310532823   0.830277091635396233450609708161
  55   0.825747955400528609942770577126   0.029650063407223697543971305462
  56   0.494263199759300739426353307852   0.109328870557806135544172096092
  57   0.549701305052193779923188482266  -0.426367409663882800736230718562
  58   0.733468741693215889429780641339   0.364023044184799544026446734717
  59  -0.486535352132317577513901073605  -0.229552035865446859633945371795
  60   0.361466894601224919669282454654  -0.731682707587810463975147290556
  61   0.379803274568612942873808655241   0.453205544452865983842692947783
  62  -0.289582477587432225617723422982  -0.755523464026653872350633848495
  63  -0.171673931193355260165093344028   0.284500757381099187495448226878
  64  -0.147523239826377215261488496159  -0.394467947306871755018680870423
  65  -0.796130367291035086556446764358  -0.000000000000000000000000000000
