   1  -0.370984351538859820522765742935  -0.913463121917333264452924545883
   2   0.762863043958321817131844942149   0.617489988602568008925549039659
   3   0.966920571797166663188859064534  -0.119536112991710978509827631282
   4   0.866623873077680236532750305253   0.470991415730253394126947140064
   5   0.889930907981994777040611114164   0.162105046234997554263176392825
   6   0.228714146186501875786493339183   0.956153776354385984943711054534
   7  -0.606205992110641128098866687801  -0.775697664030415707466234135523
   8  -0.865163592884626858651929282007  -0.464297254137921110660700548085
   9   0.082738207283470380758194909848   0.976600077419444616902027633718
  10  -0.328373906752309458145601479606   0.921151483191137704057098802997
  11   0.500371919914690792341365573898  -0.837539973244397469977923129283
  12   0.182727736469052052412736368069  -0.954476470141051477271562336619
  13  -0.581173156887691975900261522313   0.777329959137942184005917791210
  14  -0.952026018547067722877476379199  -0.172486050909671753634998608201
  15  -0.873005836821773887282626354837  -0.414861763731252876243583864952
  16   0.691723332496895480842620187740  -0.672706246183893848595034968517
  17  -0.122569677609535050110474421555  -0.955140986685179194248951771881
  18  -0.943907169172778517775507123042   0.179549453628556210043636080297
  19   0.695722930435101643857812115305   0.465668127450429178037426350763
  20   0.857671425734021791277615459275  -0.422721850649707009814746343855
  21   0.521875021882768684149739952044   0.798582077990043095176637768908
  22  -0.103149847265571080974455100863   0.453970739809120198288014205083
  23   0.152724586061360513450778753513   0.937286670833736092325134565249
  24  -0.246795502841657763688191973172   0.915080400224461915443813754133
  25   0.937919771452753273486053850559   0.117818694811848659258015404534
  26  -0.826108204284204526587695182806   0.455625893921556330739602665238
  27  -0.527545876131496938103214542998  -0.779515268816894425763801814592
  28   0.775148679772244151207991604074   0.530095920688296467101924840796
  29   0.906867290115948822655535833149   0.234138670450768016560957561514
  30  -0.710533915195906239250335398995   0.413862628077856246196138579501
  31  -0.414393449022634410532001204782  -0.835414516567653869723218108960
  32  -0.621656226848907575331298512431  -0.692191602832406742887495824553
  33   0.403424235581977078885064192161  -0.835936821584118143441783952201
  34   0.925953692561446323067114866070  -0.010794289540990560572077509387
  35   0.263945879115973495439015909514  -0.885332747654150830007599199170
  36  -0.735433346390952431129445759070   0.555520933629063450551571596592
  37  -0.627512378148939720026235566366   0.672077088779985038774358430923
  38  -0.156601043559549364935891731525  -0.502826713541995023505436469444
  39   0.397672790085917082980099978615  -0.296429882452910326345529692552
  40  -0.263173178924694088797300092780  -0.370730154842056869522066795704
  41  -0.144172434344303111426907806185  -0.674279417085541864254956369625
  42   0.570298844254859876728752733305  -0.332009549910748204135977341890
  43  -0.155412070267720350814341672248   0.586848114327394516497728022362
  44   0.177252359485799861975815143119   0.307410072956412032563501998042
  45   0.131878814054971231604143160836   0.119138008411911745250127853839
  46  -0.658014788987671118694726406113  -0.225873334029135571350506142654
  47  -0.853328801598265597239911583141  -0.278831537409082143051050688671
  48   0.804967716147115627628890588331   0.367141356706427297448750216963
  49  -0.559697084839940133789520854104   0.497662658948934992724086858166
  50   0.441316959906621777428991708744  -0.485110340777224986725447979672
  51  -0.840835233656953470269484612121   0.288723748230700311808289207868
  52  -0.234871967911556992837459149824  -0.855181958355602053226226357555
  53   0.585564457940289741386547157185   0.354264252367399724280067994969
  54  -0.460694619744916713474682968064  -0.317599737815882708941146683561
  55   0.035569619683974638644108909364  -0.566250455278251297264190680914
  56   0.536478886903339555618678644164  -0.695218703793399359313620719528
  57   0.221418249367843043225259514764  -0.408596244126186494068520321645
  58  -0.278843661503045887547345207922  -0.155087252726062684069310973117
  59  -0.514957380456435995587037144290  -0.047724994446685698606794640321
  60   0.705666621035252851303728279143  -0.507899988075460620511325494857
  61   0.516830673864005951122341734123  -0.114354570364451067717607119475
  62  -0.057543695848030612994603500467  -0.016246490793090396438974017758
  63   0.355234939315799498315161498671   0.457516872136195571251833657954
  64   0.274566656151851153015596364050  -0.668765108340948422780082133854
  65  -0.300316725044717409287233707495   0.115777862693278142217112735268
  66  -0.058932167859949404158320935209   0.267653769830146473180206020875
  67   0.588564691989542058648453967254   0.619083965202339654958227063146
  68   0.079494106386350112474265391448   0.530654081611281446706866026411
  69  -0.319574897749450563484975851566   0.406722798165131611546663025372
  70  -0.033749134105705556145107313900  -0.302488845561845424490161010423
  71  -0.693729081926189300086411353038  -0.479969928804390558385100114861
  72   0.035070935982171372520383406547  -0.842599735960134903896371007057
  73  -0.576883147941122913553081977980   0.232749721264915702882086829399
  74   0.223205215263202992256246600544  -0.123164245676545995414406360052
  75   0.391584718671543308140663453768   0.154120548844228149172103781333
  76   0.717222884617353486434616000965   0.106353985940934321344273005261
  77   0.803180826336033976950157561688  -0.218797906004575033536290726273
  78  -0.391083066396477116847908526668  -0.596266381805593974090324918785
  79  -0.040660267654940085970679846761   0.827098582894055495523825672537
  80  -0.380130718286145743445340643377   0.732229697127404323599761014545
  81   0.302152339308935934070314235514   0.766329254271584004686784882369
  82  -0.820980459124369736539937957025  -0.000000000000000000000000000000
