   1  -0.678935729304662490001372992603  -0.180722044246926253072936996723
   2  -0.636566988797083477218770209985   0.121516076341286741366403538837
   3   0.960543638759106691723711055911   0.208542568468437284952485884405
   4  -0.447286540753086704440190543933  -0.219072836690255866021269078850
   5  -0.558428371458652357278950771989  -0.420326966183610260726046334886
   6  -0.463970397988450402376717090201   0.493041455126020723433759619171
   7   0.127860773546200874674329200872  -0.801478426972640835058002880805
   8   0.919004437399099721578863697811   0.337539335255832810941567459344
   9   0.090546874080973534326606046277   0.066131326978931648388691186094
  10  -0.117655379983710561123605620599   0.965527462929722218282094444969
  11   0.969961207242277309332482342755  -0.050543318540682038902346326180
  12   0.564146851831569387397769487895   0.787432479591025379331140950937
  13  -0.671994830158227899010391273508   0.690269587320847751278405561583
  14  -0.360666848859154730980852410745   0.893419779939445332777883891678
  15   0.543792203150824173583880961234  -0.792213995815732482776721136319
  16   0.760009334425885136233203298428   0.584292442553727129542259485557
  17  -0.438780112501080677875907388475  -0.849027803989402290489590995055
  18   0.916037219388777274556414236766   0.264583771043521112595115173553
  19  -0.303376880102242741822515926912  -0.334322245402884843832027205092
  20  -0.747065297536261918860740906634  -0.583012314930223207580522760407
  21  -0.921500902269791747773136863827  -0.212697895299702154535632642442
  22   0.422016766514796716940577449539   0.642975138304267401386542242303
  23   0.318245503393955507439805271975   0.884645827668567404744353397864
  24  -0.542091794630564599523132198227   0.466521598051852143032851686134
  25  -0.094642236724273027759699426521   0.388888305337827122254565658214
  26   0.186518304469661772623594493038   0.913970252803102005074250032976
  27  -0.831554948865763568079564146986   0.414097417103829751030708843166
  28   0.119865234373611580892581819740   0.175048294750516575834805326749
  29  -0.319138666847258411251554465317  -0.457363631675792258129360814933
  30   0.873058852523836494044989329879  -0.297859844794542514750120129585
  31   0.908505293825956901814861897155  -0.144253797235324242972670576672
  32  -0.067656394287161312422550917722  -0.914803681868473873052502501221
  33  -0.875633414487643920068589781844   0.264463165742762356490211321146
  34   0.102697565546902190961646741468  -0.906333669373530980280510034752
  35   0.274588683478381372766918766095   0.225725985152891518162324931676
  36   0.440200822107616177592909128980   0.792433468895586794099629711221
  37  -0.229389234213787848354209468663  -0.602405874090822298652260509721
  38  -0.247279069192225884379454361838   0.083910778497461311115854539555
  39  -0.559324561866550520880383047440  -0.156376501370059959734665869360
  40  -0.223383003558553068616835679249   0.868355432850752238153792307542
  41   0.408566634604736750397993648723  -0.141868326515388421333028852226
  42  -0.461381320373083906658953777098  -0.341378566744128592034381028084
  43   0.602616783971180832492015812885  -0.653415079612222171974854131231
  44  -0.700039464138215041995722184663   0.543558118357612033946625684066
  45   0.167533731690384718751644553453  -0.493788728412452511667142908922
  46  -0.068642351831150322495285917209   0.207253792987971969278397379235
  47   0.001221244634711039707755674431   0.878536627675022429637517820194
  48   0.602767295820581276173380675837   0.635582833872721054397390085380
  49   0.234482421760489030813806961703   0.012381044307876305355706501867
  50   0.740839883369586329790246622295  -0.456798587080836579922989549733
  51  -0.263474391559717879454424995116  -0.827256249605862692664041833193
  52   0.183596491273714298569800687234  -0.243625912580121564591587073894
  53  -0.483188566527643140031431935955   0.068859884988202619948059113765
  54  -0.308808945233329974216111109090  -0.145745908494973169620786245711
  55  -0.649961243546192834092379690473   0.292660429062433917271613406368
  56   0.114488939956282212960009219006   0.397987408981872076728031145172
  57  -0.004273925782077477127711777087  -0.693705799474905772734814586687
  58  -0.032641984121346613031735596393  -0.059092382233516718726360131847
  59   0.843820993015141401434761901192   0.079158447370083753756180971994
  60   0.412414425010365173563298435561   0.431279464673854590778550216935
  61   0.670278906846060233121039219455  -0.178753927030781877992301024892
  62   0.209597340281552819984902029752   0.687725148046015746390756052606
  63  -0.107646927676941708590248866689   0.615935365071656448170995279925
  64   0.737521742006548723126494901072   0.378774346535533731416436101423
  65  -0.089747149554050248598166695133  -0.372882772357969214423935532675
  66   0.443700764736963830526643493645  -0.416203586480805786597488867804
  67  -0.745780150687564369189808788760  -0.357064466166813280638931160733
  68   0.517891063930276388707794359758   0.117754775968501981281480889389
  69  -0.333846211740761681174353434752   0.346532233733458846265936540449
  70  -0.443595010984070129143142660377   0.688582315146837135163020278479
  71   0.324093518828396085408284615026  -0.749438857824133517171562996101
  72  -0.513756719363937441448441622066  -0.631296818650484448891130021318
  73  -0.804145954353139164153116646922  -0.000000000000000000000000000000
