   1  -0.549300810817804399574165217167   0.716706884977676035032954943009
   2   0.431737959676825800771080204420   0.708321105902920273286647795589
   3  -0.226478836599047373498317203520   0.926292298862422177780132490994
   4   0.640607635041387892012405941969   0.548482276692669760381108349943
   5   0.250302558238700343804426395457   0.957537362815559953731607799564
   6   0.121330968841807154374505509343  -0.980221895615076470458303022344
   7   0.448824742200574943316071355994   0.713647648309218915917060470672
   8   0.272281563027600134851240794922   0.943970819631920630526152846421
   9   0.615484535366898573296655806408   0.541774128171986667715258862100
  10  -0.224048273727657941750739027326   0.953616286217691271451454659431
  11  -0.719016367346324326833737354053  -0.188345108549489873696983843776
  12  -0.807033226123722908378496256540   0.547434755250925804117727345318
  13  -0.965003792589643832427347597280   0.130553142087960829512096971195
  14  -0.905628816788247728534472250662   0.353532014672278344188617155313
  15   0.646050829356979409396983931415  -0.723126719443791773597486581722
  16  -0.416364020846057912734250858563  -0.874116580316910721119263384864
  17   0.394371066121875824664057494090  -0.746919196590837216087557983373
  18   0.071383567891705010307437443385  -0.093103536933597617968913579389
  19   0.325925352896213174346041101204  -0.355180824129959139232116269874
  20   0.908864530705931849409334133507   0.309169041670144781783685616038
  21  -0.590383293962066756750086990666   0.754311527003866606530552779845
  22  -0.274963139233228922535809677968   0.915523705518281126173389411760
  23  -0.950099208740876712942571807252  -0.089527458516278694474756842227
  24   0.431368968528591673615126241875  -0.849021056961690377269940273503
  25   0.559288223350257648306423140534   0.116540742036320476007232314941
  26   0.196300967649061956064415621839   0.927809297105915983907034783909
  27   0.090251565176827978001643214645   0.942048176213025035633480190936
  28  -0.453712295259661351091313044717  -0.560797702720696318870823880429
  29  -0.403142485031810433894344173171  -0.459480038921741575118114437067
  30  -0.652236129404588103000784004069  -0.677453578606607611489462989624
  31  -0.025684965572466520949316659397  -0.085682176574797340188405361364
  32   0.172073711549273808686236085949  -0.099196624993949953850132271488
  33   0.222802122622211526386978394424  -0.361285340587050642145271734368
  34   0.131168347588332200145153031539   0.827981541389367472652233949773
  35  -0.578409512202828872307056791691  -0.571509686302794769232667621304
  36  -0.114427057364009369518899010142  -0.921403984408874593692047153032
  37   0.664736667590255038172212846762   0.180676616548972481864540413259
  38  -0.042372043794504803926011734204  -0.574922393887465431659650229790
  39  -0.824322911581565783469169356100  -0.413807001207747477543297100992
  40   0.536036897132258950828090802948   0.748365008923801292116327367574
  41  -0.917938574102640827202346744646   0.033480903282849282851956273285
  42   0.656923341624952207620049329337   0.639169983825858359083219210278
  43  -0.731971626550004005591690872206  -0.548002824589062207530907084117
  44   0.268769691605611631160779366955  -0.215386388834411074328377414937
  45  -0.808446760334009043549772552791   0.419059405121392399939936697985
  46   0.047868006247778802814553424948  -0.907354134037036978638113696400
  47   0.522216915304009889451781083665  -0.741124941188383517961903688683
  48   0.902234973441931065275691340218  -0.065957907244946822721098366833
  49   0.107836116595971265206320277528  -0.660736465989346894676649388802
  50   0.094239710518590758136175559336  -0.464532542890530433189870879475
  51  -0.301100337615090603168681892976  -0.337636776456614805819487453684
  52  -0.070796434550258583404060275445  -0.752114264973424395078573945263
  53  -0.153028883659014267377314242496  -0.193548235980238789368749762280
  54  -0.102340325936208385828071597503  -0.400938750569465254751097217609
  55  -0.278326811025603589582476708367  -0.845122616509595123066486639265
  56  -0.166739973539657939795779972731   0.588913866283607627514610039931
  57   0.497824448901805062798647721699   0.267402567554823141232905314659
  58  -0.854920810738651450114680680005   0.219786037936158158492997840611
  59  -0.854557792655678968831729458518  -0.221470339266474961573594843094
  60   0.064753116501770352249616173705  -0.248003869671799096590625256461
  61  -0.481021597397768266509545981384  -0.735484263322559035441781961991
  62  -0.166300891064651989556056828079   0.034526157720166197355919876869
  63   0.861398703330810161265729712782   0.151099419306263009498390817897
  64   0.081670235196731361622761294839   0.069539908800656672048073879837
  65   0.255324732276397815112491048818  -0.832600968028909895745866434777
  66  -0.622287665261381218127114991105   0.300811211028490219938220089779
  67   0.329879603129993902599933034094   0.800172776633605320833077879757
  68  -0.380158032151703129137787532348  -0.114840918508454894231688882569
  69  -0.395999828234718540045892965421   0.156863304518367629111999997231
  70   0.669667721416255734838367854112  -0.036542991501264516510032568585
  71  -0.258444756590127337054782348783  -0.595600525435552369160263030640
  72  -0.635755345595422279690956262612   0.574632484737183423996978423528
  73   0.805688968822355658481487509849  -0.286097319687641894200954645014
  74  -0.378631915323145953056085993729   0.440417228463974564402307607702
  75   0.657633053061793489237272115261  -0.540117501807695189900735240954
  76   0.235854063399799122995471019862   0.301801880505259741297975104016
  77  -0.090610588303475647507377224681   0.842170529005325057967086639249
  78   0.502750764645129251710974327380  -0.278587484638930464729830264021
  79   0.440531941321623379929096795653   0.531855262555915589271981618284
  80  -0.387473778845591336601878161171   0.746501670643342066832029061496
  81   0.733666518940969712522072460364   0.407180914764513499413957890705
  82   0.345573447312002775544655145259  -0.554864180627222364084643171845
  83   0.369871314327745541248101446143   0.015770543265736845764983956865
  84   0.111624545438334034137412626869   0.594377594974706826932558512003
  85  -0.591320131961029640387271333106  -0.333466261846305745326643898804
  86  -0.085605693214723075992771498519   0.317254104976825904899854658671
  87  -0.665866197419431939194834431602  -0.000000000000000000000000000000
