   1   0.920032837176815019524785065840   0.192851178896879422610975299931
   2  -0.926797625414253519164654020684  -0.007572675225225714190483887769
   3   0.426068524922183425875057695904  -0.806424138862140377027540897959
   4   0.420175617343246635775749932461   0.787664719974480921771971531881
   5  -0.491591518089364904280027866992  -0.731365260325235704056801770625
   6   0.788565422989288556992838572026  -0.339857672895835362087647912847
   7   0.834306741688198344000935543767  -0.037109539250868454086835352227
   8   0.565200865496397942443031334840  -0.582416074486352391522940417619
   9  -0.449668127560333070098311258129   0.645740185870378579439590723348
  10   0.425469013054653195449340212292  -0.178665975815283992375063186033
  11  -0.703288801465538580461961319225   0.233128744535513068441445751866
  12   0.049928209850115132945527867595   0.715628938081904051831874553689
  13  -0.613050036547147534680571000937  -0.324884843122886524826724293260
  14   0.557178187339249852331968367540   0.372565878303419255871639960988
  15  -0.105775935147477546989490218798   0.099064665708711604122360108821
  16   0.001407977183595048247739405512  -0.623156445045570567473511870947
