   1  -0.985833233830550821422017296233  -0.005930711551902744262831577504
   2  -0.269136362494886699207963347007  -0.890765980182864354831441029154
   3  -0.799222244576417951787869768602  -0.471535760581791152812519260981
   4  -0.844112407184011953725924015289  -0.028234592489767344703964248158
   5  -0.942237325945494468681760988716   0.014703151964166681880080740884
   6  -0.834859716527115137180120243426  -0.228374112950550172780251307201
   7   0.328827574405030220388621859370  -0.931818757292070863374670494318
   8  -0.001353386827292783273707705490  -0.914393358825634327276544881526
   9   0.796449720616063302517779457805   0.579340816762660211676601475146
  10  -0.710276351363445916740652734650  -0.679591284779118759274411646295
  11  -0.047976076663360926076362088792  -0.980416397314026833563219274783
  12   0.976772810486194580488119937622   0.069590615159880530040308774695
  13  -0.276479489738023614723088649139  -0.930463499773749703933532876523
  14  -0.975796906421282376834297278612   0.028030461094907709531723431732
  15   0.292702156503366810514993999803  -0.930059720864617101041850386241
  16   0.692613785791166340831828047379  -0.683911968082102890404626432998
  17   0.759183552963388113987560243964   0.601978335558674962193386515307
  18   0.617248535807272295490596105738   0.748616428152254764350178944697
  19  -0.834056881550317453158805864304  -0.492827470055958135839148912530
  20  -0.233848303002713077671190376653   0.938432644361715457380293939328
  21   0.066305834312720165840938858443   0.960638163836227443334768466296
  22   0.004404157572119636421500289925  -0.963463291698733635333196618059
  23   0.365876286392896603294479660660   0.889590160629721206560691559379
  24   0.895453713013197228486484373365   0.347147751147133884833776041951
  25   0.864616797662001939468012411074  -0.008382672954803310179809777335
  26  -0.449535736797426503323866021455   0.845157958574505471993778545460
  27  -0.651238271620783544751996003342  -0.699370865194930819443140050792
  28  -0.491195651741195886800479371914  -0.817228016112082053144606240992
  29   0.952039407945735547604586034056   0.006897778209959275845471911130
  30  -0.568482099945338345609074636481  -0.651370889351908539403858362656
  31   0.732326761612308446878647484348  -0.401539141305193689624736677507
  32  -0.525862485136998008141826067808   0.788075663820106287542660855191
  33  -0.569757944936462738095794439533  -0.754890345761270181538542693325
  34   0.828267228628845866736189288692  -0.452546819919310165162193181987
  35   0.474045737893193400860580020353  -0.814590866802479849836996523050
  36   0.067499691529754584242876622920   0.704741339043900928053757852846
  37   0.621117043309502035692436765177  -0.412451023961229217729840474954
  38   0.675679222555328840456104716975  -0.301939738760170833956039814059
  39   0.357319532119909026171765808442  -0.861619818837700710588059375249
  40  -0.911558144756461757959211157742  -0.204004987181439823609539678418
  41   0.186529038514797949926640743048   0.333769703966128020464966926340
  42   0.079257665285763033639511806308   0.249532304966598059508825624313
  43  -0.458239024284246247945393585373  -0.698666978879032667945501179180
  44  -0.925468364296450826061913578264  -0.064239414756120091120386316768
  45  -0.775380735263763777792232563251   0.506316961570983147307386630964
  46   0.056080630819555717111146136730   0.392272481032236128258811048830
  47  -0.844517362330898232213310685572   0.371868641166951905831114747203
  48   0.913499310868828808275939239205  -0.118257462775179509983880565638
  49  -0.413915504479363425946684152110   0.716059370371093052844555485180
  50  -0.250614694579508376818568528971   0.700606344605101155297842485142
  51   0.337553492014810223966184746708   0.340686242602447658189227524802
  52   0.651749815521440930212577432122   0.638879629734720426496525525523
  53  -0.320085689470899207159754114461   0.854951324043005248235109104753
  54   0.182187162149387590390532981795  -0.047630430627614180892997189239
  55   0.124901278892734861809713624144  -0.397757999596959952119565883548
  56  -0.354278768338029568540350533020  -0.834881608201947611504529344505
  57   0.573578956732415191387463520653  -0.700795601482745846564473367738
  58   0.508874817394560601267611236597  -0.520953713939922540430740133468
  59  -0.026171922302259970071676058250  -0.660232602686625004810290628986
  60  -0.481143303122800358721373657857  -0.524616904643237466042923929352
  61  -0.492866841281152649350073234517  -0.138805407916009978697633168499
  62   0.158700548779397735858558662891  -0.587028829784807493460112358114
  63   0.704986998525561339184315449272  -0.553765835830175152801071149326
  64  -0.390457319304213251634048887305   0.238048709977529929484078062335
  65   0.844563186998468184575231432040  -0.290679260846017553180258059049
  66   0.317987149670243869856829415217  -0.449656318604466637831623497617
  67  -0.817096480710198155842533421627  -0.352525877720463171966248732421
  68  -0.068677811720516347488222171431  -0.455909147700768561605476781382
  69   0.251428253175402209852551503662  -0.238032156197331361503354944847
  70   0.019733796150373862916273838904   0.075374951963717696407346822701
  71  -0.695491600574758649067754506849  -0.544527950863963548352268048608
  72  -0.587736188657120765310151461743  -0.335699447718961195201250738447
  73   0.361214200135232073383271748562  -0.677599762382745283017630388696
  74   0.489775854406200109789530365982   0.478607138011109884668037486534
  75   0.248814953060901825128201270507   0.153611139375828827664329066287
  76   0.484739577892136364998103356619  -0.286424627715895820262270781924
  77   0.397458248620381573091663473098  -0.047671803987530655583915363697
  78  -0.561312125856627211316277475885   0.079116044026893633552869111662
  79  -0.133818503103852755632472880207  -0.859828989879674086186542715160
  80  -0.605862779073789869491768861316   0.622323355927142936756488902610
  81   0.201292212864308500923192170150   0.843199676848666949591431026338
  82  -0.727432712425909572843757883285  -0.124683629790597957343124640310
  83   0.744479008852236424722122145189   0.437282724695494465507768618724
  84   0.449989615667965684543071602661   0.735180625042064150500301108736
  85  -0.073356490262674805852643212277   0.564283161131179618258963625108
  86  -0.261203411382736074882960067092  -0.620472354589856947177373073331
  87   0.838617439272141780567735068219   0.173822395934329500046437995612
  88  -0.618586064489151980949175907061   0.346380135668701861716799244543
  89  -0.077980036310891931536625703724   0.850178370605951207786539168050
  90  -0.139682632341066291504558343633   0.284460481489966715987685426087
  91   0.144691600712317666922185258925  -0.838061734695816606161182331159
  92  -0.355081187294341859445592891185   0.491949427326758847157196931386
  93  -0.835188918656350029524642345453   0.141997135312160153727927374752
  94   0.220824725498567572947199050090   0.553118026077299313577694076014
  95  -0.014385585061225670510282105708  -0.193612745785119137203435673523
  96   0.679694591206334816530781428646  -0.081775389217941817431069378331
  97   0.537407333547132891867932828727   0.201670734715452109004152188589
  98  -0.306022005295697072965359123973  -0.321446954520890593379096143682
  99  -0.267657237823973447448154447934  -0.000000000000000000000000000000
