   1  -0.638917941744658484035420149245  -0.598379640610139472332520691049
   2   0.202160379639670021425775504900  -0.967028920585989282026050450984
   3  -0.737915086051496494321444342374   0.580724149829805275939412926068
   4  -0.961472791026710117413306638955  -0.219736060790944046271418177577
   5  -0.829630488185206151766994173935   0.542655403761807991042479622470
   6  -0.820456659806263730940253109424  -0.421330883721046868580356073420
   7  -0.853795586972072684023701349683   0.318086094852118285464784878757
   8  -0.734479240635249399883062424438   0.562486603811161152304744139384
   9  -0.810953886592074585828164515951   0.558572774606753325793948109740
  10   0.370023007466083004654084389798  -0.910966073717651895201169189864
  11  -0.754324687633255223022895883656   0.627300882442567896661385078377
  12   0.047662696388595004216034917344   0.015017106327401756442709886814
  13   0.654884658807412316213808199674  -0.725068600811631143098531936521
  14   0.156154112783805647222808703464  -0.963632013605037353270856514269
  15  -0.037429430264953792494574302567  -0.973970078467356410798633043403
  16  -0.970814361973624856480540999282   0.026691741753303861128189872455
  17  -0.954878718816107481771043425092  -0.177778301111475064549388873201
  18  -0.772885878279127849976222154497   0.582633326089176261309306985886
  19   0.798541280099772664952693203794  -0.547691767783129559901885259740
  20  -0.860369928398771942594621199005  -0.439082486831658220118743189017
  21   0.112237316873570064064609363340  -0.000706706846588655153236265488
  22   0.407313925534435927780758459890  -0.872781914805352930875691465965
  23  -0.901897545310690311900100942164   0.332749256948430470532526656464
  24   0.959491554061598802852873537435   0.030530850696328190933038076634
  25   0.914413033513091499194889780808  -0.286715905248532327357952753590
  26   0.542264997225207519206633231144   0.122701079806627946640089636293
  27   0.523708411785577866637402038718   0.351016948595273904443966639637
  28   0.419541514768788034931002530108   0.856024875817049340369306646922
  29   0.382544745306428054116752928701  -0.531300288428532313051440027494
  30  -0.030862194248580743777867917772   0.949470017810690586245859335625
  31   0.145080604702552236570505868590  -0.519826551554756697179353182136
  32  -0.465936982360815725613092335342  -0.104173925229022600170304590273
  33   0.365878380700202185497856719971   0.685485185402022604379742994739
  34  -0.203626362615291328180702665744  -0.207990328047272458579083991074
  35   0.076974585763690166504559194185   0.938481930525000990175303993311
  36  -0.575601297522679828697744240747  -0.743114243547505132918907159351
  37  -0.665698756727571287537752099427  -0.661247738566815397013641049014
  38  -0.286545721317328486852936133554   0.891722093343167687649977951621
  39   0.609998068564671951490934868458   0.419339043316059335510270845078
  40  -0.304145875195439267779891541267  -0.882346522542681408849770816998
  41   0.476119191360088263346743717859   0.031787020737366294300885282205
  42   0.259391834157279010523498304651   0.619884475965957422194582266002
  43  -0.047934440880852605138525914405   0.058384792000464398597471546795
  44  -0.131450765533079461030754851778  -0.519415472456287085831476036405
  45  -0.149222558592862145705022998355   0.909051435135859510457468770289
  46   0.115766217126778088832886671740   0.650006736281965692664720247942
  47  -0.277612434062675054439526556436  -0.478601202201316216475263498713
  48  -0.556003044120834943983154274000   0.422383496444288352893938503962
  49  -0.745554443290833601803172002295  -0.064651254799346729238062466482
  50   0.053641269253339416277786176536  -0.915048202415959872753609942937
  51  -0.912197959762403804382770455417  -0.070930396038903435394603071553
  52  -0.607322816872913111911712209368  -0.357495774645179226638741958690
  53  -0.618205003652564933475651905354   0.265860730815821950701683259639
  54  -0.435367557168753770888640892018  -0.796594934602204969927581384121
  55   0.684919715036094773432046206083  -0.595843779543828888420160405269
  56  -0.161487237256993207367338516107  -0.352038862796426492107407120130
  57   0.656093924932128721394334750707   0.043788443747309181959097270140
  58  -0.603354756765026130095113895157  -0.174098942481576828736177861811
  59   0.261204111678436694584182555510  -0.614910816167584799162175393749
  60   0.510686374901105380343046401700   0.741010603201004894938493819490
  61  -0.212573091003151895768342994094   0.742652058701457056536633267371
  62   0.019958969871101507380853781465  -0.428191385251936859282465339020
  63  -0.132403185058905814886521911972  -0.885091604228806388364221168647
  64   0.631364091927850172500180431947   0.244062320191890018610148373553
  65  -0.734369696755413773902336753363  -0.505628669825363888196181177175
  66  -0.006437494263713088324503359481   0.791252890816349671202283987649
  67  -0.422488867116250163959227570138   0.781361670411423783366472907713
  68   0.661674204426657545356142416403   0.590127395271614725514726952583
  69   0.789113823366034678965618053782   0.400509954623598135181070757817
  70   0.529859439287086147519456002405  -0.456528892491111533876779247217
  71  -0.073864627786445612388653892417   0.571727466531637979710905742486
  72   0.117740016035767036358253375632   0.154976840265531738587376572652
  73  -0.408520348051360035156316305753   0.252344434943369731833783306531
  74  -0.251482139491644454428928831925  -0.688201114364998443399197237209
  75   0.247770391484312653047243642389  -0.839112632544510045091353895618
  76  -0.762768884555918909459163328801   0.425168782434116811354864670046
  77  -0.605987512576288312338332253856   0.626461690060736975536479082427
  78   0.854290057285312328504221569673   0.164193252426557234635847847437
  79  -0.566371756649602983786784565514   0.051351468909759968799303372188
  80   0.769602887642579226027937172625  -0.385153619018922278850812935884
  81   0.428615123034595710003543052423   0.503968753532557320680554705209
  82   0.238171958015775844267865903264   0.828555514498605706853353920276
  83  -0.816706388323058180989192072440  -0.272960291315986181826783104235
  84   0.281429458934191806867634845855  -0.047218459365130594481279442718
  85   0.481518020118037557268218068757  -0.710448968475336208256225622155
  86  -0.388758979187361898156419366654  -0.285419502369929601999058227338
  87  -0.486407730944980297067227838908  -0.558220564177249462541820001999
  88   0.840455333286280842501292004111  -0.113394829402434252324256917288
  89   0.376930608543898047390463088058   0.225014071093810314600877716220
  90   0.021935017920352136427918627681  -0.681919380827752600419586480306
  91   0.152675236129289015404112616598   0.424544201501594626614859457522
  92  -0.832487210734484495447428112326   0.153822403605003619461882031517
  93  -0.342649233234268411547841924955   0.521217685124986575481605886792
  94   0.545148708400444677165907630674  -0.183467286999843717020541904571
  95   0.007167614268468391165751049696  -0.165052346238792157939710752995
  96  -0.128727440588198817777783884581   0.288508296951826734141917512256
  97   0.272989139762962416309791558003  -0.348939238513089936837334553360
  98  -0.275704635452168631949362274650  -0.000000000000000000000000000000
