   1   0.085657269120000000000000000000  -0.029094785611000000000000000000
   2  -0.960976666344000000000000000000  -0.237336680057000000000000000000
   3  -0.488786477385000000000000000000  -0.854910703970000000000000000000
   4  -0.375204000732000000000000000000  -0.522807781168000000000000000000
   5  -0.957488613226000000000000000000   0.183031807183000000000000000000
   6   0.638232841174000000000000000000  -0.730651642751000000000000000000
   7   0.821451377866000000000000000000   0.505406669729000000000000000000
   8   0.155573250478000000000000000000   0.947253898433000000000000000000
   9   0.831793254269691572020012402828  -0.469871336455986909988252301394
  10  -0.155692511738588283794617962242  -0.937529046218649857917651562127
  11  -0.713718715012000000000000000000   0.619801518924000000000000000000
  12  -0.904204025446436521838079667446   0.258548460609549047454190380275
  13  -0.292779457879119168597596171131   0.888482971429098201830005967184
  14  -0.564356430940468040618857596916  -0.739839483127849777529202399851
  15  -0.880254363797410989076907102315  -0.286008745535083962533033533314
  16   0.083854189926070361007814327175   0.286031224914811926561455772860
  17   0.906542565073000000000000000000   0.128366559960000000000000000000
  18   0.909202115917759355991345097327  -0.051576809242693380819779353273
  19   0.514916026078412333493087790212  -0.745087449173885566611080471261
  20   0.472947398241000000000000000000   0.766228113158000000000000000000
  21   0.395795048575000000000000000000  -0.584727275740000000000000000000
  22  -0.113833375344000000000000000000  -0.224243297530000000000000000000
  23   0.272690530024257137790439462168   0.842804839475765764054161434974
  24   0.532116482740748584346087783553   0.309444152336266408792392391877
  25   0.110680699397684789663688913401  -0.160029300218748958474604037006
  26  -0.269702574242532200732335658854  -0.406668969528385975088768870260
  27   0.013128493950808191861653820766  -0.865269566900842685374880521802
  28   0.797890854496872705772881565474   0.323647074373895483516989272513
  29   0.284941300197593715311549156615  -0.807256784994226400117887941581
  30   0.653513777912151686416763423383  -0.545253964404100955036237221675
  31   0.630712031308909123204804377282   0.564057465537330354334946209843
  32   0.792000498588140059253196378491  -0.270312179124064040989894681758
  33  -0.733160449183366165327955751727   0.402162574623500555649867059379
  34  -0.117621067435430661443176646091   0.430973244151164304407698138208
  35  -0.379246293336195335775051479678  -0.124431655732687874695560497911
  36   0.656957823307035586634616549062   0.038984439694877739920758153753
  37  -0.084690037451058679816257661055   0.077884344758140455186715561469
  38  -0.419776470447740072591798527048   0.239980581576433976552967895746
  39   0.291265518123746874803283596303   0.108462821216212681092132516572
  40  -0.296431678216102465549147448933  -0.733142480708504104670660709609
  41  -0.041442486091599494875787402457   0.795433255811603163601235234845
  42   0.424729935314838583979107518304  -0.270748763538829889359765460227
  43   0.266772767071733287286007792703   0.514700913798554432061540267384
  44  -0.439303883189336307850812989395   0.646487608416874369021456612048
  45   0.066585162496886879646649657378  -0.511946009062379792203880255689
  46  -0.624623841842124472377368608114  -0.448214676179898897156929676131
  47  -0.766733396352744206811046411009  -0.000000840759556627197212267537
