   1  -0.264854230044801879130921420937   0.273140366537732257328522060685
   2  -0.307736605061331746730906652250   0.941877942748231326990620196084
   3  -0.047775922276605844223249145675   0.018907490853233207274417852530
   4  -0.714853511909461024291349516337   0.563769375501095418486259092651
   5  -0.055078685587981103018011690804  -0.639058667744032825053583110037
   6   0.016638201087615105751406775964  -0.960214762287743603519414838800
   7  -0.326887465933872813116620970144  -0.525388261658098442786515802293
   8   0.978964561976870010288997810239   0.038074025540135634158374133657
   9  -0.235929520242654462473895651543  -0.649253704403813077074719913672
  10   0.951731380467030339414543116466   0.210629864951757771508131799471
  11  -0.948295625741569816892827227507  -0.208979706998812891236539998820
  12  -0.344485319358863774672468001128   0.906616237155723810095170747105
  13  -0.965491366646984602384581241513   0.049542012932359090771465363775
  14   0.297512543820575227267412502564  -0.913150058252128726541912387587
  15  -0.904200984420588535714883156784   0.329611994086038977888258248866
  16  -0.754626104757530051853805484277   0.593958949848511166277820549514
  17   0.795952570428831689656559387448   0.532871701442090230747054499044
  18   0.248894331741318185878247783909  -0.004398607082436475608405695809
  19   0.174018785515269534887505178137  -0.057372148286768975019349096469
  20  -0.737425134179659783858326258429  -0.174260889006350781317213714518
  21   0.169044895716333620026260545267  -0.326837492826961233582261967501
  22  -0.501450526610015634823281960295  -0.535189598043290106030887399847
  23  -0.839940958344620449858356209608  -0.427575077472745525407171580467
  24   0.938780516796263674854444755256  -0.030442518286852267726882622537
  25   0.278845423505728185524251513093   0.286993110095579945323997369596
  26  -0.667461296083322794934854601727   0.234229932343399646541936338893
  27   0.876879654396911066785226090424  -0.318904835650648008045811784575
  28  -0.765154919323392962326810958355  -0.529656789849571965334157547926
  29  -0.511571353767807259494145759311  -0.774393665238084591354693888230
  30  -0.382382695954783986277638874566  -0.842958478102832909234131729488
  31   0.916176598072091066997337532714   0.113282727662984216518032992308
  32   0.079226851335945014337607591779  -0.422723377505827716550133144344
  33  -0.393497837222021087165328306524  -0.451913389532971744058306906681
  34   0.899824171663420644143278825690  -0.169128967318641785567496755062
  35  -0.862139654252181925972557011367  -0.285504783339483330499528912578
  36   0.001941308689082286421952497200   0.910297137169214541945886629058
  37  -0.415701705246741103260897984846   0.807195835922219321191095233427
  38   0.551591195090833412320033249544  -0.156455345007117778655647995132
  39   0.657763482569939027104493115673  -0.619143185724023577322107052336
  40   0.249761835868324162678518931641   0.626325180989180231023326008788
  41   0.721069780286090458262280661683  -0.254578378135023196414520006140
  42   0.771906019348159755442410285550  -0.453949327591045248015788061885
  43  -0.625998121461764520450474474634  -0.637417971821926193365571775227
  44   0.264190667985010570004322120920  -0.458529367602767805910812442904
  45   0.656485757909502804014434974103   0.597451081141815787786946336485
  46  -0.375615494525543964100261072482  -0.647435565597653263448830911651
  47   0.144063595262529845716176096995  -0.871666149244755698306160422512
  48  -0.877348495673661387032174511890  -0.080260554351849686975419434532
  49  -0.202130445843005799066891419831   0.854964125909267640143256628098
  50   0.151296014869470466479878690619   0.426127254346342867463196844157
  51   0.208991963470382101189060221532   0.848192844801166101661987425870
  52   0.098464700725190840864936653314  -0.630387002554550708569715873500
  53  -0.852052246448852462337143203181   0.168828850447481536482958284823
  54   0.454727841083306669273518340640   0.737169238729895368984945408484
  55  -0.754017479937546260322187373879   0.417956914897180391437347141088
  56  -0.293886507069521597437690408914   0.611387115081785878137836406813
  57   0.737748088564011530995551781520  -0.012217729398373090632791631309
  58  -0.575585500100591438539244248567   0.633891841624375048831803575962
  59   0.313648790644248099727308486781  -0.191124952831288707925237126378
  60  -0.328351057000880260161371669164  -0.230076588225285247835348552969
  61   0.519324959677874299580057035164  -0.406998520745414402725350096148
  62  -0.121594516841283830046455414993   0.375000056243899568047438020385
  63  -0.003154879503809680733713727205   0.661335727467353023802112134938
  64   0.433246602975844044872761880798   0.445223098343022419018821601313
  65  -0.152894164400636365158982491216  -0.485480079091570219899409784988
  66  -0.616752146352157564181953977564  -0.350006893092954841074994525049
  67   0.096664563685906357522810396302   0.141285729253485700486044028437
  68  -0.231972978220701008672330825942   0.072233528340579030281132965138
  69  -0.138311311537678501772581869723  -0.817334663582523187908952271809
  70  -0.006139953281885136097267636297  -0.184720475874451538830781199335
  71  -0.450757427781994513447705665585   0.338431674189420453315414337876
  72   0.441503224282256028778517924057   0.108191544579343634044131234942
  73   0.397590942891970703322708878499  -0.716063164472992957301327931289
  74   0.748474829502037345377592497137   0.312343150132975536319749886842
  75  -0.579020521535972956454458111688  -0.000000000000000000000000000000
