   1   0.466183997877471088900900597493   0.108071690458611797546343268141
   2  -0.751935287060572750777665889728  -0.605787904657488033268381122798
   3  -0.483891788548410174471692252510  -0.835964326800967977897987861992
   4   0.960005441567804613105219857632  -0.228918403551684192370479674736
   5  -0.859347330295913403297476606682   0.207480894478823328808741602389
   6   0.109348617802930125689610913014  -0.970554164584247966336589277659
   7   0.957922748530087242644871277833  -0.193914250916184620253090920757
   8  -0.884303688454366248944257994488  -0.409702821210307708039318732883
   9  -0.943611742138937195099394293464  -0.188512130897657473807294866212
  10   0.461178505004211337511820999792   0.431118536435093564252049921630
  11   0.874849426958692074603837761568  -0.406150542656929782349004230733
  12   0.384516982722486480993875679430  -0.881824251798346198636658247352
  13   0.794566248236332399657309588449   0.536330195417972417010484273176
  14   0.675578789193906958183985737427  -0.675735285063537508799605560390
  15   0.528435722979226261616754002542   0.792649327754931270383844359649
  16  -0.924648255674662874624560223587   0.215836009515660014658567803026
  17  -0.772089725199508174799262705701   0.547886474408622484888714433769
  18  -0.479783722855871980160178561525   0.812518654485968552523848045861
  19   0.043693287222967201922300299097  -0.742737224393508249199711353898
  20   0.262993158296589647446900572336  -0.323737804129227885501625828932
  21   0.927052595977611515057936845623  -0.111703086922521480671561494567
  22  -0.220166803303174132195113324950   0.198345912435509856821586101081
  23   0.905920704054751183865073268152   0.200911589682860129744206773456
  24  -0.208455024644657165195157075628  -0.900998868654843049242516474847
  25  -0.067786595298414881235983284528  -0.424126783787711746406137453479
  26   0.121933035565940548856141793272   0.910402681088817831658573632362
  27  -0.044090126468976410995089210187   0.914336013842909691601380234194
  28   0.911334204304716690516693221640   0.041200344380103795337367409244
  29  -0.360646310201035424156898880292  -0.834538549370900135306496697060
  30  -0.777094667074370883815405256551  -0.465786128251622764530106192682
  31  -0.854652296580332801656648877793  -0.291091763058976340372511626312
  32   0.761276449122767533336263656255  -0.072060337360076988168039536445
  33   0.742547047097180962324296172962   0.136890170218744169085513263400
  34  -0.026891803941995722628297855819  -0.893059898477827867225708261874
  35   0.842738227767354164576562568538  -0.265596800124802073387997040544
  36   0.363423887297114317831437014934  -0.179851173025732756872356903590
  37   0.562141752040176423273571942120   0.012139112935254806627180170631
  38  -0.483851418808512648670063705717  -0.083310389240707301516442075692
  39   0.427845834269534813944880628437  -0.407407082967432070196024888208
  40   0.596925627650763246607662732327  -0.226611483082494914659256572904
  41   0.791226963157193256357600632959   0.365412216576537902304192312225
  42   0.206052517180406123058316768167  -0.843597462209375197390075306940
  43  -0.622485698764897917161343852399  -0.296786570926101015882442892962
  44  -0.234861042125363878489576763853  -0.008835886548344825135404951019
  45   0.030803707641810787011149372920   0.701525857189566253973919652444
  46   0.535128743788266828173930020894   0.271992623638526617026575869794
  47  -0.775000343855723274318665390964   0.347370543000349522657929108846
  48   0.699154326245810199928484490216  -0.482699332027204590364760064989
  49  -0.000160201460951865025213731985   0.165325464620068318367250423083
  50   0.298560359152790207303786702228   0.081697488650792030911580036071
  51   0.322260159888408869916231521739   0.775937784695692881830080933272
  52  -0.261123825961741864225391387592   0.795292329625404197079377049991
  53   0.463119348129751047448929950430  -0.693512893459315982825650490297
  54   0.590075993566666293303368976448   0.584836510546055392013496737208
  55  -0.170096012876077148964394133680  -0.652969291098408515332519077552
  56   0.159043638076211108635492012596  -0.537990194059283335629566578107
  57  -0.302341475748585429681054218515  -0.319240196432618326522594598457
  58  -0.470129420602012142945744872585   0.217182048728322711506529349276
  59  -0.535844683262446474170142094193   0.577850945118838126981236097651
  60  -0.184563723697279037943714506512   0.452805356890943143151386487855
  61  -0.530996660101294081277980387810  -0.609799344723655415695442546265
  62   0.050896408657613713539616999891  -0.178713127116751822293525627193
  63   0.232060673646959187580916200502   0.429469899250155220974299243972
  64  -0.792408270116365115661637445249  -0.000000000000000000000000000000
