   1   0.784022100112688738488269097793   0.463593619081350801743667813986
   2   0.895333787439480877897526545463   0.198241145443830596379046859356
   3   0.536002971222453826606303035705   0.753642378011606109259016663224
   4   0.113029993783640915779984880274   0.985383246255354660843042053145
   5  -0.154638323082714443659077445153   0.977743654572199868301899433875
   6   0.888343999148523047770893508668   0.183860964908332160249094705476
   7   0.764076411833990476139705117643   0.471632571775550394997918877886
   8   0.538964290278751136955958396265   0.731230703279225235209925758997
   9   0.248042239622988128176566228819   0.800217720690732082916304786980
  10   0.464534746700890296033159825874  -0.854631052385820348105886095181
  11  -0.226415662724019554128274909861  -0.951983108022924214452074650501
  12   0.145316813830197876564012684497   0.965737980823440272167706597557
  13   0.967531587759016521032847524480  -0.116958685954616168559010205812
  14  -0.615760670521252232814089549744  -0.752881085551256104898884120537
  15  -0.958605835390333650449388044781   0.152957899821411863618824137417
  16  -0.612379065117380457083371643058   0.750763001767517851197321203327
  17  -0.404083002635094791197917074933   0.878511578914677656659577067423
  18  -0.812100999529568955298426486667  -0.521424061589085841850188727208
  19  -0.107053915757576055837843676402   0.957322403850040545931794739248
  20   0.578841542906886839870792696563   0.767345422715899949536507944359
  21   0.939632835741572326958909242899   0.192663621726727993068478869849
  22  -0.462301443895412769761167093550   0.613992440339928438127658510401
  23   0.811906211869733722048626191799   0.504426615389934327286228253671
  24  -0.934242181177368129276282734252  -0.190025775597391221579773555078
  25  -0.474495331947753496185034671589  -0.571062324772617583992010965591
  26   0.903987992549864006119248484122  -0.292346509757623254473535109320
  27   0.469409138982530197171276857319  -0.053577991729487345349742564206
  28   0.599748476028278533293707062290   0.347422471938639385825215646347
  29  -0.869849110671226644922807024310   0.366381792155608633817831006095
  30   0.921195592825386780396701692515  -0.185300716228634372076155563762
  31  -0.367185095214494015426306592305  -0.564498788600240335405305494924
  32  -0.224847742872606576356984449531   0.120091321497875128216925236196
  33   0.032494022105141496142912320139   0.275699469851506543062718889440
  34  -0.263373852128368988994909931140  -0.493696634413457064920048649874
  35  -0.803941247263301157276122401930   0.472969790920718475702418041343
  36  -0.351323829740355597832531908523   0.639366444028842167205129545635
  37   0.452554645303755630211588706779  -0.175309277120540809294521373346
  38   0.216676325406634570895621547498  -0.449788630199549191140215869343
  39  -0.894401489962854936859356235548   0.236444058471534797297882000995
  40   0.082115403480360455979061726996  -0.516872664529331667905497841408
  41   0.223356346693927000178841562411   0.893307204807929727774775281681
  42  -0.299416747067320107262159472060  -0.869049234470316102170661554102
  43   0.825952845624088826777209508410  -0.399389596817729203496816504642
  44   0.462230204696074534073516880594   0.361404270649918214677397651895
  45   0.372419233705457579716789327646  -0.483479319004443055669705180957
  46  -0.035661557399922972767646993267   0.686912441675915670788789233206
  47  -0.571044297153359201841055096431   0.058376333124166838397070639164
  48   0.339410458505670075468506507103  -0.842015124713634110097471149273
  49   0.724456670198017677497113111883  -0.543938720975988047894230045987
  50   0.772538911692592880675705275404  -0.229023131399511331522972142060
  51  -0.209463412017853082531507138795  -0.338998992831595798046390352138
  52  -0.093628037631665656957010151267  -0.499261139122844313866442632431
  53   0.613130861945588905168368314737  -0.111492103251590799636490243622
  54  -0.474763050297494466978483757073   0.760267561265963461085436405819
  55   0.324966151614065097954285021514  -0.297454073900450362980683091526
  56   0.003473638315415059706917100201  -0.683555165534513040953443634145
  57   0.164869632487449404820361601958   0.702543910864605631050970199774
  58  -0.189454239406276842604407181023   0.559583952242290071585590640715
  59  -0.582977368431424292880829478952  -0.144774686849398322224709616476
  60  -0.103832659920383035879188225167  -0.878697136772130735093418188073
  61   0.027224452012337435673382488518   0.882470982798027166484423136716
  62   0.130268432978572095751567997423  -0.871286428165137876613970476425
  63  -0.225510786903238766105736848992  -0.676322060866451147909714527219
  64  -0.398116111379244655400917744274   0.182905777195975212484441828428
  65  -0.461919257209114979694136154827  -0.743388073472880891459971591044
  66   0.237426189201937787049974424133  -0.648369033091256388022042223213
  67   0.321546726244626886929830693584   0.521466442216973332916869805086
  68  -0.653014032747317175580110294862  -0.574037949408034857741972846823
  69   0.396729562898900187094302815668   0.771503627066428282057868938080
  70  -0.637024506939214139243227712444   0.586075626502188022807272185303
  71  -0.407921724526752895455178506300   0.441896265289480665691234829234
  72  -0.166569878741799698496436662159   0.311058396703282199816571568373
  73   0.056342676347404869708407215965   0.477798398095226395934503513338
  74   0.275054261447734199663314878871  -0.054878626254805945936532935380
  75   0.795140995396882175067190755603   0.317032459305282402947443106551
  76   0.569576610361389999453855515843  -0.360631543088813022235306345872
  77  -0.230499481511391924158835895529   0.820402619138221412008057085140
  78  -0.454588079659370848149399085628  -0.374325213887577823689360909323
  79   0.515703420751436591186287991790  -0.673587846406064289836082800344
  80  -0.783022335259605204055354902149  -0.321392301751914246460011901027
  81   0.549329404962774120535124026836   0.137759594418440474923915275249
  82   0.250933650025982559019333309681   0.243640796798356100012160417289
  83   0.840480625495712386697962458036   0.017108137000644654102925182683
  84  -0.664827191906386029626518613499   0.291733113498412538633271343726
  85  -0.010401488698334426729650925911   0.053258641594934738714295623603
  86   0.611892452411285105452294522528   0.565945065332657748860783499610
  87  -0.307528929147473194336097504306  -0.092881173642413259126160287278
  88   0.051518557414764150700937983227  -0.273047629124580106123678726461
  89  -0.827461053059593074744331842659  -0.000000000000000000000000000000
