   1  -0.354227106515137464471693793177   0.911713058591406402836681877014
   2  -0.982662489800197916654779871927  -0.056506192000038513615420353479
   3   0.758139947399237004874279515341  -0.616947368838047412200339156642
   4  -0.982983279025408898222450760198   0.042137886793436435039263177476
   5   0.329975165235232724180316132954  -0.777916857139058493500361120670
   6  -0.425175727077498522814458784405  -0.880130721876383910487588440205
   7  -0.123872880815970509100482854734  -0.008881637153838454418918579264
   8   0.971858371200257162138247747485   0.121725530948326006302844512370
   9   0.550203998554491367916759302366   0.066716676572102962952944942549
  10  -0.291540751812442541174923717173   0.639293593164338508753887621775
  11  -0.810344832980602687128432322651  -0.291255939398014758234900932921
  12   0.113465777239193422270311462099  -0.962685803600215819179551965396
  13   0.925811018756039405216293260701  -0.279709863598835349665628781363
  14  -0.964277499243026449958447746886  -0.007913242060022503670161527605
  15  -0.751739470765492422014645125017  -0.599933615960571588896818725774
  16  -0.356417036678986791822953534213  -0.281798824892124214652382048623
  17  -0.726235664870470149873319800266   0.622831877358779604837206866157
  18   0.779776003388361691438836209182  -0.549972936333486411548640480102
  19  -0.471986764050430634168566247050  -0.826389863746324390672440209431
  20  -0.405367629154359592274254219378   0.857897290264169973548152672998
  21  -0.339851476484866530026586481121  -0.065509749579949950879726509050
  22  -0.887029730157488678184676590840  -0.324065222430453137649146493898
  23  -0.725849435820158183153410216287  -0.275585060141831047629473173843
  24  -0.886610328771028751786688048175   0.309453740246050199390376393167
  25   0.917980579831483330761586932739   0.185400160438336730572895111978
  26  -0.063558822586017806525798435903  -0.379099250898139486923084788386
  27  -0.387008671760409015773527275936  -0.177454410548539415230480735542
  28   0.765378501830192853601542769690   0.526936566129582330496870828597
  29   0.541588032904222904976317294056   0.751969323383749532007778625514
  30   0.781806053230445022075846639391   0.139330732882845283772195953447
  31  -0.690759154907028933721787388515   0.237067671833074952819686103181
  32   0.413152325303433979870207884058  -0.820668538858547369625573395081
  33   0.304907618360733501896902481222  -0.672765009155533000160742871348
  34   0.652837480714898390804213187494   0.636673142818600638638305317687
  35   0.157617889333933145886655641457   0.214972438600393445312945928050
  36   0.894853738973603700307417738305  -0.159791908755381721095930694838
  37   0.906153381488114813186607047178   0.024372065720738211201044449487
  38  -0.022371195068269240376591784847   0.255567769758712213033607543348
  39   0.016844170698250940020674477521   0.632187156671874568671294745228
  40   0.458325922423807660805568213603   0.598728230237791459888424917574
  41   0.303299839364755211873046679331  -0.485734079493692911298804546573
  42  -0.005689097574496467472536003328  -0.893202106266709125598254929140
  43   0.604224175575469171373904783429   0.447984296552515812241951091061
  44   0.366363863783460254751259521392   0.809766745227072871017522844136
  45   0.089844066311032987940301506016   0.432818352068593417443446504535
  46  -0.762936277740626279584438240638  -0.445996262316416044446963596599
  47   0.215932220455723490131679196505  -0.854339952933395466942406106263
  48   0.236608232631526565763600725838   0.616432038244071638274967230727
  49   0.808666745820530344658723335997   0.337191343523565754847999388441
  50   0.591853878157402479882218164122   0.212269842661466413753901907596
  51  -0.862619499542837431814932833135   0.121223114494417370993257045509
  52  -0.857363759642226457206651627928  -0.139060280994292332135240265932
  53  -0.744475281226522864068690969868   0.442473326043582377945567006794
  54   0.034245312311407052783343306527   0.026871078374225697974438595283
  55  -0.534750567247621800985596215014  -0.324046939898976086167534371992
  56   0.116907363781788880230153939846   0.850460198875876650122768348021
  57  -0.484368339455257187614388866451   0.319983231783557803577444762392
  58   0.764561998009619538367014689841  -0.358468552327789956203749338426
  59  -0.169051834798183589914406645269  -0.173738969479150439183440243630
  60   0.673388714072146554835896597828  -0.060649585263278695204637065866
  61   0.468031874251892407861258169049  -0.287281155309147084883370879552
  62   0.352608316228770016189402529818   0.363591622694675410804894343284
  63  -0.271657296240636843219985677295  -0.464527230756798686019140103659
  64  -0.246363221278168634021089482126   0.127923699544392487562960034628
  65  -0.550266517412364302632037683263  -0.628981695205845241722066559055
  66  -0.259384201899179732994280996376  -0.791142721827910539745407107728
  67  -0.191117412573592483724447326765   0.808369807113549436355236357648
  68   0.142986141464975658387427532461  -0.261678961808913053347597668129
  69  -0.196787552690801942732264149219   0.462256669262317924225205070121
  70   0.556621305469830737472752332254  -0.606317371944128431911445726643
  71   0.350181121591653364882373831898   0.024846314425737595391868938578
  72  -0.502430870274953898853191056036   0.645534987569630348105752715084
  73   0.041543265377987376131841274036  -0.606182390007046029002495470343
  74  -0.570858481298650729128444422904  -0.000000000000000000000000000000
