   1   0.047842104384352204589249383795   0.983628379630809473965706905390
   2   0.902773991831334905531940502215   0.282887731415383401276352400188
   3  -0.436854354522276706565413651085   0.842191163259564408418710676762
   4  -0.789604865722589897195874369540   0.507923081327880330691034024925
   5   0.871810084585472112385823981793  -0.308338912626553272454970093941
   6  -0.882569751107898793438059210508  -0.213751316470328697674866043508
   7  -0.416071138011919588791087666734  -0.792573906115480850627757262506
   8   0.438749857410708026215548735416  -0.763016881754133455192340447716
   9   0.525209854688185969565866141287   0.687292887586815412060457774306
  10   0.266616189296151826417952837565   0.807120875604406945146202168152
  11   0.705224076234516387333496261597   0.447048568953900874322400125086
  12  -0.255161515286811803275652955115   0.351847688565094063311557293965
  13  -0.529647016786233752959760210474   0.606580062411070805517786655503
  14   0.280756306541027927552111401762  -0.194415670949382069113351529635
  15   0.617674598261434277352944285577  -0.468606712321826328155409696938
  16  -0.119904708197654895455372121617   0.750822577007857039882572328610
  17  -0.167606383032063919289560623849  -0.073627059546419459419811805826
  18   0.730268116776816955857174319460   0.012705008278708388653088923096
  19  -0.568555512152080524009065992518  -0.434213434406230463250081490043
  20  -0.686713149982067355083487885002   0.137891997060533343055737200539
  21   0.238575886293300273117103379701   0.328148509675517356550465945241
  22  -0.000235526975515871074145165773  -0.666973718780098950486868300388
