   1  -0.889495750877977006393971640378   0.283088656104745398910883305327
   2   0.891075033214519500899667654406   0.343697730773477234780585838645
   3  -0.527398229824006087733673610428   0.746621144938872492340934392521
   4   0.406425739127623481104004204508  -0.824367794873097681201673656083
   5  -0.445169399551338406842795852277  -0.781227805110496006150431768804
   6   0.350620455655246775638757888604   0.806985887815644686961554748191
   7   0.154823424482267482666927687007   0.243605371532586708795011051858
   8   0.784920700281839446952162522782  -0.300236483161775473927279024132
   9   0.819587459320257465456282113853   0.037174863393735252769947576804
  10   0.555392755995479510645504748554  -0.576457946639462108009718640533
  11  -0.780435763350726478672144484262  -0.011848289895087911148706849476
  12  -0.625273619042803991215172510826   0.430820517209426933389174555001
  13  -0.587984861376060822558930619676  -0.450326192349511089071651060961
  14   0.380356930644975704110004901233  -0.120645712999478675031032002619
  15   0.550636177954153282722678046869   0.433363491275989942188234549263
  16  -0.242332169065766649005725387524   0.013698011780131565647542172049
  17  -0.091060845213253841880724502507   0.654508214705998141554516956370
  18   0.000455421928002493289044541912  -0.640860068598958099949778823203
