   1  -0.970179294461878537639040783490   0.138438249944648382874920965210
   2   0.860849504100823679620083161413  -0.473874392105191244567665660979
   3   0.346873836266097749386107305810  -0.872311753147507361073892769018
   4  -0.122379921252927479959760410318  -0.978300154759766486418465986978
   5   0.188316387891181611082824819504  -0.956926287662242154390928380093
   6   0.124382658599791906303505119300   0.971236832665513984386589123408
   7   0.733461331900060854993541899998  -0.184827234007079056639219539777
   8  -0.890181578479399703514916332826  -0.173471378786883246082808374063
   9  -0.248921648881523976522086796180   0.946627147441825421819915401835
  10   0.799294516389094982333908281427  -0.570045237367340605116958241222
  11  -0.951601550067794961171126425309  -0.234578530880200383301074932851
  12  -0.803833574700891950346428142749   0.556365611467861342306682365272
  13   0.943717095100111983607182002934  -0.245846921117059028022936764798
  14   0.363825394045815795013806456853  -0.903784800058875467001376749202
  15   0.590605381128904225373939803523   0.764914237513405182411110679649
  16   0.941524256578682953336922959296   0.238404558317405723939630713072
  17  -0.353753874317225027455322964551  -0.702954662714231149636679829703
  18  -0.847648867630845356431206287778  -0.464686280723500729858855309227
  19   0.382193017759367354283399072197   0.886802778253678808382257352542
  20  -0.604714313364204574583276660727   0.750281064151694883332200805925
  21   0.593370474955196853282188860046  -0.757673362038882861163164573946
  22  -0.943403054282052829838152325188  -0.176474779447567691294041324426
  23   0.811736370648992789114981001111  -0.510320175970469631694525984261
  24   0.796956565810118734324018192550   0.529825810699675056957044233845
  25  -0.299976144732293117480004470359   0.906952767727215852108479333021
  26   0.062179701211723078952745971931   0.951773745816999395897210394332
  27   0.772118529368411518663034753943  -0.138187518743345159120735888558
  28  -0.063321731747250581013037869818  -0.948136922762799477009320366692
  29  -0.547216090514578028434352171500  -0.774696154202401552930708162497
  30  -0.658738955183627389697197580721  -0.677656304091257501477344536569
  31  -0.292145881148667963433042273594  -0.898266177215478149658416304319
  32  -0.074228284613120616678290520233  -0.842087114188809067390781006315
  33  -0.871912254045807956888549792178   0.354876040602261146556778868036
  34  -0.287121821535857700673376368079  -0.587995982413520021953239609833
  35   0.937720376109862918317233206496   0.013060060253859628470592465400
  36  -0.173456743672835168936681857570  -0.919822450954824694217316073152
  37  -0.366267799827366726135909046443  -0.020069821416014268940972989020
  38  -0.808122946850174573781534517466   0.464642336370923358242559132185
  39   0.917000108071932859055715300639   0.143804204553234183600968388508
  40  -0.900425544003201891381958897345   0.228341020634022804914076188787
  41   0.149553988664578500869782031480   0.199269300078191534776422661196
  42   0.062650989506191065008981280120   0.318420649758192315958766589135
  43   0.001646120711014864161620997089   0.179277511922466263446100395800
  44   0.259377487206517290819001844502  -0.884576354374101431725570062251
  45  -0.280888285385548860769748951603  -0.139367094437823967537706179834
  46   0.535941975052924620035273429074   0.003843429781532186262141991399
  47  -0.060637803042459919920032409769  -0.390224392228683596151192708514
  48   0.905310894648089444578279106461  -0.130810718240827996492940583810
  49  -0.639306205529775291441221023295  -0.164469272604261789632385164058
  50   0.576619528623957489566082657411   0.169496846613499711840561942799
  51  -0.409977719270803421997055262036  -0.811723024069116117931203335492
  52  -0.012710751973162608440114866599  -0.706101812872365622327386412128
  53   0.552827011828616302033272608315  -0.339667789974722407311749824596
  54  -0.127902035157813594761273232229  -0.557091736752284883678793182207
  55  -0.454848965967428982127601971465  -0.175541063521348933311614380362
  56   0.625456876132978101923162942819  -0.153742801340595866212640832382
  57   0.456925084591851547448659207706   0.773898846199831305119230803904
  58   0.078242339140430372612729768818  -0.890609254980384332039295849893
  59  -0.208260448108139640989540841058   0.579884041242971517081244681636
  60   0.072279690869653194827481708429  -0.526159795801386163063560810786
  61  -0.719755198126320212110945890501  -0.525790464567428807348551590633
  62   0.189827059431838927550809331941  -0.708920209153531505121916978194
  63   0.245475197469812957155692834163   0.358492779509872106364132912353
  64  -0.216057331185694444474548988053  -0.747322989009791480339955538707
  65  -0.093170114850021261078789888571  -0.193797292934543942632803036257
  66  -0.569517223584588940280733573597  -0.357403945783612462240076091207
  67  -0.547637072361580890990603487989   0.020368244093362335607094176822
  68  -0.386660582690204825694271028544   0.198200998156516418916829234605
  69   0.122255836626268324900270876175  -0.295189213485608017575848059272
  70   0.481783969840160179720641102837   0.360463534719433610741138296797
  71   0.343228535975827955434131083339   0.575630876080019963606776181123
  72   0.749129944944418235497351594462   0.037125458758389230531468855805
  73   0.425282183431686108942612621485  -0.759304642584869659512965444523
  74  -0.646050423413341909461069921601   0.580185211393996272096026119918
  75  -0.813297895006003546341172932522  -0.299636829781795729291931488823
  76  -0.411720300058136947335871523346   0.452832841763824263122178838078
  77  -0.484865720342219237948181864923  -0.596973151058721403359808696988
  78  -0.173188974604216816351506341379   0.050802394121709056222013030181
  79   0.350963005189122255950043920470   0.129294538638082492078016734321
  80   0.792541537789248593074146528101  -0.328317155645021069207546240675
  81   0.619755614199343154723004661639   0.590569110783061596806368973866
  82  -0.157077069983305181892840052483   0.334636579984810313944954310179
  83   0.104023997654347494403265194648  -0.019822188112712903349041360385
  84   0.630877081101668720128861000768  -0.570758132595764783212277069103
  85   0.208848408319712396646729584125   0.819914863910158366632930755697
  86  -0.411259181477661850798553869899   0.740677227183942858248041010132
  87  -0.298127397536486662997517052636  -0.373272854553277649837038240238
  88   0.369929665878612279240006692908  -0.166827526520676700610336300653
  89   0.056143485398779773475259478018   0.551093015963942099259326408161
  90   0.334976955211834164129727944417  -0.481164076342648001226269392324
  91   0.772405584315507451838991160862   0.325810236464108349701187293558
  92  -0.107427586941016295049758912277   0.828515263923475947659831290890
  93  -0.659711864955163416799729065687   0.283511377698961815205700833242
  94  -0.832978969454817772582979570267  -0.000000000000000000000000000000
