   1  -0.055974983756000000000000000000  -0.065235087416000000000000000000
   2  -0.336705819255000000000000000000  -0.927969791312000000000000000000
   3   0.792601106000000000000000000000  -0.577628872285000000000000000000
   4   0.939484793896000000000000000000  -0.258662412288000000000000000000
   5  -0.091689303284000000000000000000  -0.963564993536000000000000000000
   6   0.510069428732000000000000000000   0.815054302322000000000000000000
   7   0.331195863683000000000000000000  -0.896739604017000000000000000000
   8  -0.875486586963000000000000000000   0.366376543848000000000000000000
   9  -0.752772683278052654915285078821  -0.568633641761032674414423152069
  10  -0.931396802405000000000000000000  -0.101282129595000000000000000000
  11   0.916037490566000000000000000000  -0.164828680046000000000000000000
  12   0.828428615199372750595025725290   0.410423558735212398158648608487
  13  -0.548183538051318156426065885378   0.270462319242291198703823814688
  14  -0.130040677422000000000000000000   0.256505719103000000000000000000
  15  -0.384255133470921436167065915292  -0.820117002345606737948525106670
  16  -0.197901205860569983226656687045  -0.877341434572823267286678776322
  17   0.612143544588711319528504703335  -0.650278681628534376589693027916
  18   0.430699517137677046667697727129  -0.774938209460269969197402256044
  19   0.075818437254499794643911911950   0.877249055588492172367509348111
  20  -0.512834977067000000000000000000   0.707321829199000000000000000000
  21   0.317567532239807290501353610400   0.807759219881728653603403528130
  22  -0.374477802017794827056746497235  -0.389315914151604396053177664420
  23  -0.233522830825245174150555935903  -0.634692442030351929944467484256
  24   0.364741340258206263877165373121   0.213182339485345353691399920446
  25  -0.547619681937409379669780156691  -0.628848901248981836957789425900
  26  -0.688696520798000000000000000000   0.474207213791000000000000000000
  27   0.363268280435531082504042545519  -0.499779066214509104431473503423
  28   0.067031659292007612654786574415   0.077913285504833999219612074060
  29  -0.212964722759839149333497479590   0.789412889633238102566280925224
  30  -0.337450298118761156027913229074   0.439901349822748452949131330936
  31   0.372549974041504936583842804259  -0.132594515504459779980498079873
  32  -0.789336182405037626049512801428   0.122396974009415179007913969322
  33   0.710238962016800508089731783267  -0.351549055566334965332199487180
  34   0.100970424639654967271212894541  -0.779681779861487438851127745804
  35  -0.722530133545561962766184384046  -0.293599357645529423906599726794
  36   0.554846866474209615387404636580   0.539097480029421549450268379460
  37  -0.004011442380877614709271955658  -0.335217380450815558055490495173
  38   0.091280069158000000000000000000   0.497417804884000000000000000000
  39   0.746218520325361737962640367130   0.100360595358008850994858726650
  40  -0.353425192878833104898805325889  -0.000000520715167394722450779699
