   1  -0.663303441507388827980240129872   0.738594995817752747602989988260
   2  -0.655034838498402214849551640571   0.745714289800768295592458375501
   3  -0.756063365638924932184782759992   0.491889775314578325113251335398
   4  -0.789427631743337168594559166349  -0.352501509255484411875990982941
   5   0.141610772178787046140645798764  -0.950372080312733720098541756489
   6  -0.602888752362448271471913710492   0.770207741318866349253660631463
   7  -0.961041506632304157347630770845   0.161754441944192891446409045592
   8  -0.499785871575453355814533474212  -0.822523503234939779725700240233
   9  -0.939223805139640085027920027131  -0.191407000061766083317204802773
  10   0.458818568450593774009347976496  -0.847587695897137253746201261443
  11  -0.794856120950986411215412822324   0.524585044287505380584364755085
  12  -0.917409969415412042525502337267   0.219129043862274934650128075709
  13  -0.528948794037482507713287075002   0.788414975702005383343467512889
  14   0.766512844566493675125387475922  -0.262542217148558676281623717306
  15  -0.323026399442134808015465000986   0.888855731069100996838724778910
  16   0.066089785891362306863542244453  -0.939794034337149297001256680986
  17  -0.374643757954920881169666386035  -0.705612424570523934482360743401
  18  -0.594358184987032181228966067529  -0.504192497442558883717516106654
  19   0.874274190803600870562969552041  -0.319550007097356045646851359630
  20  -0.399278463934425580451890752486  -0.837294766592750789141220886586
  21  -0.812575503283489379890681879728  -0.439937497923358923429867580263
  22  -0.724246384002041344962672482674  -0.567994991199545616937823426455
  23  -0.065432839730926625673143661405   0.094210411137800439841511075226
  24  -0.867057491011955756116631936464  -0.286522846797075877452673179576
  25   0.087216349432594221360444380432   0.011419852618119646889887611797
  26   0.403378552906233721787763636016   0.811176544109252543422911687517
  27  -0.261989592421134284366397027748   0.071413999752507364010660641071
  28  -0.385051316301494953229957188058   0.746189461103820356731730909592
  29   0.213092000520296261533532504243   0.869348136671480702084557096507
  30   0.282989109182791792173120979108   0.046999801183897840662656792571
  31  -0.035952729794496374150627974686   0.481942715776964934991956468437
  32   0.873455732919253773348097674805  -0.134959640533357584646190136464
  33  -0.554273766507805949665492222685  -0.684294119992985764550823385255
  34   0.762238193386376597758112484420   0.433718914883723591303151455402
  35   0.547773982871864931982928332359  -0.680242832443473297484208486245
  36  -0.170249448500386090001270211247   0.280153332286521146621285927602
  37  -0.646192950372813949657770263350  -0.312082988834700121091546067376
  38  -0.789507694102263280518000566069   0.347309331252847954000146010455
  39  -0.295225779474979718898225810510   0.521025991579444867856750008560
  40   0.200975866565526827992418852983  -0.194390631326609785426372952580
  41   0.700177630309846555418753371037  -0.450208092628683410678900564340
  42   0.568403899956082640165956189646   0.628726126405787772403881692018
  43  -0.441063714646028145335494384913  -0.107904619603195637974094301720
  44   0.118773779241031270080898938430   0.259046147638485423530137841164
  45   0.378061546275796704409828422447  -0.445797745746145908096789706456
  46  -0.596624568872396699582175134261   0.582147590101721114495029994089
  47   0.817047632321602017310581528622   0.145847426151636693059317701132
  48  -0.115630671006827537767383590328  -0.157701535831957450936842623010
  49   0.039052869464444743904610131246  -0.472698839462935178934099962297
  50   0.238493545529922613262881418973   0.584672023093696355747556246394
  51  -0.483320524628212036002592747949   0.247690392512677294084585104666
  52   0.247041749288025349889678319387  -0.773126979908313336637503374303
  53  -0.138211062830260810184955867861  -0.796351305092157148480513941813
  54  -0.339325682509781811972847796914  -0.451187416291562897319490996914
  55   0.475884060203587342533800128254   0.286491790632169161461025481640
  56  -0.084763987576422334137407727171   0.792884514640259566346514376860
  57   0.550171812899149816502794301450  -0.119375509488725836518922324671
  58  -0.790166901068073520738394102659  -0.000000000000000000000000000000
