   1  -0.259451581010819128805279171069   0.331387104223359112545534351775
   2   0.026981719991139439096254582311  -0.108251599702255075451173320711
   3   0.421981158607485472200229267220  -0.696959145014563736773865297616
   4  -0.113936751484531850135239136545  -0.864365594503251462315125620751
   5   0.949677281324664455934806134297  -0.227863809871232784360896342131
   6  -0.082046880723808349346506379464  -0.682867583396988617130957641618
   7   0.476296104317714295570103271419  -0.765248412836604454641248696479
   8   0.972102279235496381977858786408   0.087494310887911261191786169918
   9  -0.203073752483171458052754752518  -0.950972839566784142749176984429
  10  -0.791816923516091852441400495298  -0.560992972082960837279569701834
  11  -0.946336755246701430821143566662  -0.180610788176732069296147088638
  12  -0.621995782763575050005303758660   0.737202124718890557578317208364
  13   0.512557532688767092622903878015  -0.811300969979086741852878574505
  14  -0.333613525982620124026062189656  -0.073903050302429718006063797133
  15   0.880353447274040082462012391064   0.366755081267686595734432285765
  16  -0.125230101492358905191800057972  -0.936208458559592301850579918241
  17  -0.535656340420379628733669319805  -0.784431335682468206032651699888
  18  -0.921297429829206429650127715153   0.219611129735451382094961715298
  19   0.262107782826763315525771594342  -0.046008531362615686871207775277
  20   0.644546994638034149757976399061  -0.215896637959634848152560605876
  21   0.371036308530933119589364040515  -0.321188068696599800932231205182
  22   0.932826320958915671266436107846   0.003708669880214309351574650812
  23   0.250085787077197845290595264706   0.898502971605987925221618624463
  24   0.920105061061547557291829597515  -0.131475370408423182657703329955
  25  -0.389649427441918297535816149585  -0.205831216466373881978684530255
  26  -0.313444372903229759086836716162   0.868835118567332644000866102378
  27  -0.794355511519515608520148863321  -0.452671827080825012254018800753
  28  -0.029442272672212438261003826187   0.721305957609266750100356036275
  29   0.332224467923136679341038312797   0.079933790512114237332733200097
  30   0.566182806974052766943040947238   0.715176254167566114165033035441
  31   0.748291742915169473529322618362  -0.516494532992286002326056720666
  32   0.423560562331179838177146924664   0.602870887098758728893065740817
  33  -0.856163587342202348024672977257  -0.288077196118389093668633329335
  34  -0.138965695302151215761207199660   0.889366298450967910353220033174
  35  -0.664014367760793605814599874441   0.603793337500917538003677110469
  36   0.394104451742826594323666542795   0.803107369399857031619629873749
  37   0.357840884902144156097283901271  -0.816712696907132673675971617709
  38   0.071933119645807973013189381193   0.885823042428582509453504755432
  39  -0.549562782080362095431530810538   0.177966011600572152747944624362
  40  -0.493735620070263943322809485135  -0.046501754807536196793362862502
  41  -0.466512147909084297163094562354   0.746114903283333295634536052878
  42  -0.231216572100614070220670868872   0.685340109120643571222852465259
  43   0.738519998040601586519912210497  -0.057169617994420861275102780617
  44   0.575391680595114437858087508042  -0.653542111834858183616803566558
  45   0.813392847145564796323230403238  -0.303708316792039084871432641036
  46   0.561433413925780261144570071155  -0.390352861884911145770522946122
  47   0.842300446082424579260640260443   0.185046786140112861652189194738
  48   0.566626440184705167860384385291   0.147995580881594197076158154560
  49  -0.349124621964079532534843920342  -0.418673991037571295488203033996
  50   0.189500153463586696054427981950   0.656338700168239665610457939110
  51  -0.610203031050901240403957697408  -0.286139346521050813864625323402
  52   0.455386003948084839317443691507  -0.122841885201502746387191997439
  53  -0.604097340441745148645488105531  -0.590582184232807678697985603451
  54   0.166939300151406753718394615060  -0.237392177228835547125817786089
  55  -0.758083353303399468359616925142   0.357631376412891066929664253975
  56  -0.154653477822065885116796978457  -0.173852636093876585623030902536
  57  -0.269099851547406088829330580884   0.136578198944254374793211221455
  58  -0.043757522057679701233335432932  -0.488675402175019606539207849227
  59   0.294496728654464928905878329570  -0.542862628565123197661199775249
  60   0.069045065553036384613843730322   0.081712830378813912717957758825
  61   0.070908928758432774051607299234  -0.818330247990680785357633538202
  62  -0.427078824300414100777179789099   0.447127984890863598472064759860
  63   0.310893356453198127101268106503   0.348557989159127673823397101971
  64   0.668528473965981951255193289123   0.459688355163580803507027803558
  65  -0.055848475485157428011533953779   0.425734073066103589547140199725
  66  -0.294785597555350209897212585693  -0.750971619970206435607229641418
  67  -0.803829116953268120274544829694  -0.000000000000000000000000000000
