   1   0.437902162315888514353671912133  -0.834119347553295401013507082196
   2   0.563530353956859339356814140903   0.755352700988031299064889489159
   3   0.878647979710780005111136445256   0.225423204353122041909132088111
   4  -0.864991793620544168135070470260   0.191913599661575751359114454577
   5  -0.537324238854047021036643595102  -0.668314386118039163591896476736
   6   0.569733575371513381756205163501  -0.602253019246277956212727869524
   7  -0.201706731748716104475021484478   0.774717236394389436959636054040
   8   0.224183700591664557230084364760   0.738786296873980414525795291887
   9   0.602296623623837809259952590642   0.436024299150277730881625090867
  10  -0.557339528245526257203035575286   0.445841083586923113834674600974
  11   0.674289150472908940150736183967  -0.129281200270984296172581348779
  12  -0.616768245992462679892682958745  -0.190482972793870108320939074887
  13   0.035915579712552899546071094924   0.167390862416151921893035745248
  14  -0.000136479336774025675402929396  -0.601090115634525496378170932860
