   1  -0.576205535235000000000000000000  -0.364105996973000000000000000000
   2  -0.028227847665000000000000000000  -0.172334123207000000000000000000
   3   0.041333178326000000000000000000   0.108021895491000000000000000000
   4  -0.761467076548000000000000000000   0.575730699255000000000000000000
   5  -0.180067075744000000000000000000  -0.926441488852000000000000000000
   6  -0.209790644546000000000000000000   0.908041381522000000000000000000
   7   0.881968112693000000000000000000   0.266584207512000000000000000000
   8   0.805634660153000000000000000000  -0.422696652206000000000000000000
   9   0.421313785752000000000000000000   0.179166540051000000000000000000
  10  -0.868575402719000000000000000000   0.184237448622000000000000000000
  11  -0.777973095670182935537442581745   0.405778794800098977518518574045
  12  -0.616742448627618298259901681218   0.206589802176317016466477793474
  13  -0.408690082675475724286345379776  -0.358377266376713408467294159218
  14  -0.646906325191056153016991036685  -0.542097628370145770984219874318
  15   0.359683564525443391456512080835   0.751200123304599778166257963842
  16   0.021502263158695532965549701841   0.821447557571559430656670020764
  17   0.040370568358576427040349047089  -0.809581055499134850965812139138
  18  -0.339988648600777640559750011544  -0.723546891237586754892460456164
  19  -0.057623962071808324352535907012  -0.420625753611374366094554878144
  20   0.218794988777505684568321087163  -0.085343986416439689673173284699
  21   0.621711114543595578145034669261   0.447505016507741340464595908706
  22  -0.739454695763456355450546423689  -0.151810613514073232597260883031
  23   0.133798294538000000000000000000   0.390864152067000000000000000000
  24  -0.258684785534520583255963142167   0.025803008518206500939192068001
  25   0.719302145358808178111651548111  -0.055647342144574539502595792064
  26   0.445252300664774380263481202700  -0.553434724610785594811720058343
  27  -0.391340645921307161449315940938   0.578340806523399370696150749596
