   1  -0.505990607055000000000000000000  -0.783017126016000000000000000000
   2  -0.667513352578000000000000000000  -0.209467134571000000000000000000
   3  -0.576042658462000000000000000000  -0.761855671403000000000000000000
   4   0.856488458987000000000000000000   0.397595291269000000000000000000
   5   0.624314283745000000000000000000  -0.693204890271000000000000000000
   6   0.002234644070302893778353652341  -0.920788471035593277185335930625
   7  -0.435584644656000000000000000000   0.795106959927000000000000000000
   8   0.344567344834000000000000000000   0.825147888707000000000000000000
   9   0.188541178375018367443115591547   0.344397515596661644352769530190
  10  -0.846225017368649330669445748718  -0.193063077489985953742531837454
  11   0.841498612288915815674178797713  -0.149898647542084906403528174004
  12  -0.835945468859055228798052498573   0.097242226639279851474443334542
  13   0.811640648240305139953724530511   0.165571925100217958545343117271
  14   0.685532119440372774955850798835  -0.441093198822289572377306728140
  15  -0.505788157970055696273176075451  -0.037090919706822541949692602334
  16  -0.234832574333205838663552206707  -0.753008637756594870368398847745
  17  -0.140393166407207634695917674669   0.174918490114591016122839087456
  18  -0.600648186421597865271144943458  -0.469436378928995400127038512196
  19  -0.142234816003717717357099454660  -0.300330845754026093872192168477
  20   0.536730030459628620289645391747   0.503560931185654327650025765478
  21  -0.571026075973484925928522212190   0.443085148918640683453601343488
  22   0.263160410240457816438988565287  -0.658963486342961910814072442179
  23  -0.047507511853568638172768637728   0.694743780816381757837572627871
  24   0.368415225632163209217630139349  -0.052383203114469275379931707306
