5 0.555469288332912726151680670796
6 0.542640687119285146405066172629
7 0.519977897050211400703405101999
8 0.493165141800723187457958263481
9 0.467941000491664114240991109597
10 0.454541466713966414248671660658
11 0.440693929195813169647285638219
12 0.422961308500480205032821823426
13 0.412098358011784183482521850271
14 0.398909868871450694437712843067
15 0.386219726423057712445676696713
16 0.376841964344851976863372323169
17 0.367239298376272037806176780909
18 0.359139769580141767404896552932
19 0.350293089176941293991678913509
20 0.342462425680645332532671642332
21 0.335683774638203635767197094004
22 0.329537232965746151587437705236
23 0.323036150563399487834699570817
24 0.316835269443004585524303028344
25 0.311387317984121974663661276624
26 0.305960855060902876640212799372
27 0.300832427788693775910674291185
28 0.296215183170731171241142692466
29 0.291506764758227393371207455091
30 0.286970495600954771173459073685
31 0.282771273549458347189500637659
32 0.278746094616351172986469308201
33 0.274849612282160404130602734329
34 0.271203877317730414753088529664
35 0.267483732648500407269287295755
36 0.264107928757250450076964537585
37 0.260960824665625021137105202555
38 0.257710780360268649583517595600
39 0.254569617067667141722997522171
40 0.251538192314344606260225094538
41 0.248777002524725865680996353728
42 0.246048849400964322773103897565
43 0.243305345567353410740085259165
44 0.240736277435061192530713372670
45 0.238139377033909560837998028693
46 0.235651027881733206951683866339
47 0.233266603646794826811708073584
48 0.230990400293647676448562117446
49 0.228778537726880973280327441828
50 0.226690133359610792105167039311
51 0.223998263732029545238980636133
52 0.221246725241003553432494524606
53 0.219647353227317779707840830374
54 0.217914784274885969409700339306
55 0.215808148415169059532122275029
56 0.213566867276922493117880560144
57 0.211723786414007876053750464608
58 0.209833098931926479261605897341
59 0.208209628623489439431495229434
60 0.207366869873858936411521890104
61 0.205410420762076125504399090592
62 0.203472528062407913177897839935
63 0.201811390602985794494101041840
64 0.200537055053396889176385089874
65 0.199225869165568807095471079238
66 0.197685148905331145042960542271
67 0.196170883046731879725455170306
68 0.194921065964487857123244776946
69 0.193447068032927102116899582111
70 0.192098881528851901016211684682
71 0.190370236362654186496955037003
72 0.189531008398182961921039593795
73 0.188654557785372851681245643064
74 0.187037840031027100542810164428
75 0.185918754166282244723301866953
76 0.184694373451304249477933002191
77 0.183665031816971322499891380267
78 0.182630188550219171730792223889
79 0.181348813563055587825253879071
80 0.180534054586988210569574604253
81 0.179560649821031526149735364258
82 0.178430534736960895822393154999
83 0.177312600084865309227388074593
84 0.176006687434041793741687906203
85 0.175170449700400099603155411429
86 0.174064097468377052290574067671
87 0.172835128122186989841958350072
88 0.172036132697028669871821952716
89 0.170864208296916900829740550890
90 0.170289394134363957404774341823
91 0.169499263860149201046089009949
92 0.168404612768411149980299492102
93 0.167212401321898349572531455647
94 0.167021030545182227417020429733
95 0.165672078033041230325522842120
96 0.164965499516420554383228292560
97 0.164230808563711990871104093956
98 0.163426538311642660268185685662
99 0.162685785910181896590106152914
100 0.162372083520284084014231292783
200 0.115859958962875338092411801136
