5 9.0013977460502193186724442369
6 11.0570403997020210854826907276
7 13.4621106776083764315332377163
8 16.2217466765577238862694843261
9 19.2331939080861235778775740411
10 22.0001930127373705480969665696
11 24.9606342889111573930522301689
12 28.3713894364084035738803015551
13 31.5458670175731632372815314804
14 35.0956471435694689934204714083
15 38.8379955082079014895321489365
16 42.4581164356691300262522275884
17 46.2913421171550719193324546440
18 50.1197626234576999176979901660
19 54.2402935914121110891998555840
20 58.4005674790451137175957605817
21 62.5588770938767424283505524151
22 66.7602862414238840346547484610
23 71.1994616078920572697738619542
24 75.7491425818594156785683988320
25 80.2858644399730530763868433683
26 84.9781910657315417438460174133
27 89.7509626820049367574045052549
28 94.5258771015174002402895866014
29 99.4831115636451565653560844725
30 104.5403637651876706526971386013
31 109.6292406611024402846984210880
32 114.7998146630280658706319765668
33 120.0656596383415122093683784325
34 125.3669392055450240112052104274
35 130.8490787587198728562644440850
36 136.3079108203854190329810808949
37 141.7837334297549560117945821974
38 147.4521164651227438870763146764
39 153.1997433520647173486889022157
40 159.0215769302040026311190485265
41 164.8062304148271232722632734814
42 170.6978110332727782855530366578
43 176.7326562420160752816061674124
44 182.7726193525985544027347875604
45 188.9649690046526026113116134280
46 195.2039013514769789307222793032
47 201.4861933308120086082237696547
48 207.8008434072574668445413186071
49 214.1809301119709366011234455489
50 220.5654002624026944333044663742
51 227.6803362235503898278720057038
52 235.0317273322645501014629559363
53 241.2958736868964577999311660885
54 247.8032877837345492569112470252
55 254.8559931768270259964964442270
56 262.2129580024570662552514698869
57 269.2186880152489941816432412834
58 276.4101578598723007630783966174
59 283.3682591437264512753431485478
60 289.3422658908722553442353546198
61 296.9664332203252939485427754617
62 304.7094396005328038629570814102
63 312.1726668240296867078223938162
64 319.1430131601302108224882371399
65 326.2628506641426621959926061318
66 333.8642298901600562559974595332
67 341.5389631703867196823741917895
68 348.8591633927793954003395265599
69 356.6867190163633804943806897290
70 364.3956666634026825121885878002
71 372.9574609801156909333573190338
72 379.8850679290231942545581671788
73 386.9506300666751463876941460624
74 395.6418657728531298892282034423
75 403.4020146935871110175788528043
76 411.4906078610881125871289616259
77 419.2414812893355435975075391394
78 427.0925886853134576043195377413
79 435.6245759089647217070615122762
80 443.1296919742803485583412048265
81 451.1010629596900478480550688403
82 459.5625974045470072419288173755
83 468.0998415243731252022852409627
84 477.2545931328822769395365606340
85 485.2416611670424626644809812021
86 494.0708695865554772068159722662
87 503.3698932921480404236148612452
88 511.5204499218546786365420133588
89 520.8814700697380004082196733823
90 528.5120688666437258617123205144
91 536.8754879967057906228439698645
92 546.3033255895297769261060922325
93 556.1788435832994718099692446539
94 562.8033768751731527303615209654
95 573.4219135046609029808297691222
96 581.9398618584743827031818941545
97 590.6321770459386621595351822738
98 599.6578096338371002824384569785
99 608.5350324007867686038469813271
100 615.8694144459115292166815062878
200 1726.2219129914020157496856407510
